5.656854,0.000000
5.656826,0.017763
5.656743,0.035525
5.656603,0.053287
5.656408,0.071049
5.656157,0.088810
5.655850,0.106570
5.655488,0.124329
5.655070,0.142086
5.654596,0.159843
5.654066,0.177597
5.653480,0.195350
5.652839,0.213101
5.652142,0.230850
5.651389,0.248597
5.650581,0.266341
5.649717,0.284083
5.648797,0.301822
5.647821,0.319558
5.646790,0.337290
5.645703,0.355020
5.644560,0.372745
5.643362,0.390468
5.642108,0.408186
5.640799,0.425900
5.639433,0.443610
5.638013,0.461316
5.636536,0.479017
5.635004,0.496714
5.633417,0.514405
5.631774,0.532092
5.630075,0.549773
5.628321,0.567449
5.626512,0.585119
5.624647,0.602784
5.622726,0.620442
5.620750,0.638094
5.618719,0.655741
5.616632,0.673380
5.614490,0.691013
5.612293,0.708639
5.610040,0.726259
5.607732,0.743871
5.605368,0.761475
5.602950,0.779073
5.600476,0.796662
5.597947,0.814244
5.595362,0.831817
5.592723,0.849383
5.590028,0.866940
5.587278,0.884488
5.584474,0.902028
5.581614,0.919559
5.578699,0.937081
5.575729,0.954593
5.572704,0.972097
5.569624,0.989590
5.566489,1.007074
5.563300,1.024548
5.560055,1.042012
5.556756,1.059465
5.553402,1.076908
5.549993,1.094341
5.546529,1.111763
5.543011,1.129173
5.539438,1.146573
5.535810,1.163961
5.532128,1.181338
5.528391,1.198703
5.524600,1.216056
5.520754,1.233398
5.516854,1.250727
5.512900,1.268044
5.508891,1.285348
5.504828,1.302640
5.500710,1.319919
5.496539,1.337185
5.492313,1.354437
5.488033,1.371676
5.483699,1.388902
5.479310,1.406114
5.474868,1.423312
5.470372,1.440497
5.465822,1.457667
5.461218,1.474822
5.456560,1.491963
5.451848,1.509090
5.447083,1.526201
5.442264,1.543297
5.437391,1.560379
5.432464,1.577444
5.427484,1.594495
5.422451,1.611529
5.417364,1.628548
5.412224,1.645550
5.407030,1.662537
5.401783,1.679507
5.396482,1.696460
5.391129,1.713397
5.385722,1.730317
5.380262,1.747219
5.374750,1.764105
5.369184,1.780973
5.363565,1.797824
5.357893,1.814656
5.352169,1.831471
5.346392,1.848268
5.340562,1.865047
5.334679,1.881807
5.328744,1.898549
5.322756,1.915272
5.316716,1.931976
5.310623,1.948661
5.304478,1.965327
5.298281,1.981973
5.292031,1.998600
5.285730,2.015207
5.279376,2.031795
5.272970,2.048362
5.266512,2.064909
5.260002,2.081436
5.253441,2.097942
5.246827,2.114428
5.240162,2.130892
5.233445,2.147336
5.226677,2.163759
5.219857,2.180160
5.212985,2.196540
5.206062,2.212898
5.199088,2.229234
5.192063,2.245548
5.184986,2.261840
5.177858,2.278110
5.170679,2.294357
5.163450,2.310582
5.156169,2.326784
5.148837,2.342963
5.141455,2.359119
5.134022,2.375251
5.126538,2.391361
5.119004,2.407446
5.111419,2.423508
5.103784,2.439546
5.096099,2.455560
5.088363,2.471550
5.080578,2.487515
5.072742,2.503456
5.064856,2.519372
5.056920,2.535264
5.048934,2.551130
5.040899,2.566971
5.032814,2.582787
5.024679,2.598577
5.016494,2.614342
5.008261,2.630081
4.999977,2.645794
4.991645,2.661481
4.983263,2.677142
4.974832,2.692776
4.966352,2.708384
4.957824,2.723965
4.949246,2.739519
4.940619,2.755046
4.931944,2.770546
4.923220,2.786019
4.914448,2.801464
4.905627,2.816882
4.896758,2.832272
4.887840,2.847634
4.878874,2.862968
4.869861,2.878273
4.860799,2.893551
4.851689,2.908799
4.842531,2.924019
4.833326,2.939211
4.824073,2.954373
4.814772,2.969506
4.805424,2.984610
4.796029,2.999684
4.786586,3.014729
4.777096,3.029744
4.767559,3.044729
4.757975,3.059685
4.748344,3.074610
4.738667,3.089504
4.728942,3.104369
4.719171,3.119202
4.709354,3.134005
4.699490,3.148777
4.689579,3.163518
4.679623,3.178228
4.669620,3.192906
4.659571,3.207553
4.649476,3.222169
4.639336,3.236752
4.629149,3.251304
4.618917,3.265823
4.608640,3.280311
4.598317,3.294766
4.587949,3.309188
4.577535,3.323578
4.567076,3.337935
4.556573,3.352260
4.546024,3.366551
4.535431,3.380809
4.524792,3.395034
4.514110,3.409225
4.503382,3.423382
4.492611,3.437506
4.481795,3.451596
4.470935,3.465652
4.460030,3.479674
4.449082,3.493661
4.438090,3.507614
4.427054,3.521532
4.415975,3.535416
4.404852,3.549265
4.393685,3.563079
4.382475,3.576857
4.371222,3.590601
4.359926,3.604309
4.348587,3.617981
4.337205,3.631618
4.325781,3.645219
4.314313,3.658784
4.302803,3.672313
4.291251,3.685806
4.279656,3.699262
4.268019,3.712682
4.256340,3.726066
4.244620,3.739412
4.232857,3.752722
4.221052,3.765995
4.209206,3.779230
4.197319,3.792429
4.185390,3.805590
4.173419,3.818713
4.161408,3.831799
4.149356,3.844847
4.137262,3.857857
4.125128,3.870829
4.112953,3.883763
4.100738,3.896659
4.088482,3.909516
4.076186,3.922334
4.063850,3.935114
4.051473,3.947856
4.039057,3.960558
4.026601,3.973221
4.014105,3.985845
4.001570,3.998430
3.988995,4.010975
3.976381,4.023481
3.963727,4.035947
3.951035,4.048373
3.938303,4.060759
3.925533,4.073106
3.912724,4.085412
3.899877,4.097678
3.886991,4.109903
3.874066,4.122088
3.861104,4.134233
3.848103,4.146336
3.835065,4.158399
3.821988,4.170420
3.808874,4.182401
3.795723,4.194340
3.782534,4.206238
3.769307,4.218095
3.756044,4.229910
3.742743,4.241683
3.729406,4.253414
3.716032,4.265104
3.702621,4.276751
3.689173,4.288356
3.675690,4.299919
3.662170,4.311440
3.648614,4.322918
3.635022,4.334353
3.621394,4.345746
3.607730,4.357096
3.594031,4.368402
3.580297,4.379666
3.566527,4.390887
3.552722,4.402064
3.538882,4.413198
3.525007,4.424288
3.511097,4.435335
3.497153,4.446338
3.483174,4.457297
3.469161,4.468213
3.455113,4.479084
3.441032,4.489911
3.426916,4.500694
3.412767,4.511432
3.398585,4.522126
3.384368,4.532775
3.370119,4.543380
3.355836,4.553940
3.341520,4.564455
3.327171,4.574925
3.312789,4.585349
3.298375,4.595729
3.283928,4.606063
3.269448,4.616352
3.254937,4.626596
3.240393,4.636793
3.225818,4.646945
3.211210,4.657052
3.196571,4.667112
3.181900,4.677126
3.167199,4.687094
3.152465,4.697016
3.137701,4.706892
3.122906,4.716721
3.108080,4.726504
3.093223,4.736240
3.078336,4.745929
3.063419,4.755572
3.048471,4.765168
3.033493,4.774717
3.018486,4.784218
3.003448,4.793673
2.988381,4.803080
2.973285,4.812440
2.958159,4.821752
2.943004,4.831017
2.927820,4.840235
2.912607,4.849404
2.897366,4.858526
2.882095,4.867600
2.866797,4.876625
2.851470,4.885603
2.836115,4.894533
2.820732,4.903414
2.805321,4.912247
2.789883,4.921032
2.774417,4.929768
2.758924,4.938455
2.743404,4.947094
2.727856,4.955684
2.712282,4.964225
2.696681,4.972717
2.681053,4.981160
2.665399,4.989554
2.649718,4.997899
2.634012,5.006194
2.618279,5.014441
2.602521,5.022637
2.586737,5.030784
2.570927,5.038882
2.555093,5.046930
2.539232,5.054928
2.523347,5.062876
2.507437,5.070775
2.491503,5.078623
2.475543,5.086422
2.459560,5.094170
2.443552,5.101868
2.427520,5.109515
2.411464,5.117113
2.395384,5.124659
2.379281,5.132156
2.363154,5.139601
2.347004,5.146996
2.330831,5.154341
2.314635,5.161634
2.298416,5.168877
2.282174,5.176068
2.265910,5.183209
2.249623,5.190298
2.233314,5.197336
2.216984,5.204324
2.200631,5.211259
2.184257,5.218144
2.167861,5.224976
2.151444,5.231758
2.135005,5.238488
2.118546,5.245166
2.102066,5.251792
2.085564,5.258367
2.069043,5.264890
2.052501,5.271360
2.035939,5.277779
2.019356,5.284146
2.002754,5.290461
1.986132,5.296724
1.969490,5.302934
1.952829,5.309092
1.936149,5.315198
1.919450,5.321251
1.902731,5.327252
1.885994,5.333200
1.869239,5.339096
1.852465,5.344939
1.835672,5.350730
1.818862,5.356467
1.802033,5.362152
1.785187,5.367784
1.768324,5.373363
1.751442,5.378889
1.734544,5.384362
1.717628,5.389782
1.700696,5.395149
1.683747,5.400463
1.666781,5.405723
1.649799,5.410930
1.632800,5.416084
1.615785,5.421184
1.598755,5.426231
1.581708,5.431224
1.564647,5.436164
1.547569,5.441050
1.530477,5.445883
1.513369,5.450662
1.496246,5.455387
1.479109,5.460058
1.461957,5.464676
1.444790,5.469239
1.427610,5.473749
1.410415,5.478205
1.393206,5.482607
1.375984,5.486954
1.358748,5.491248
1.341499,5.495487
1.324236,5.499673
1.306961,5.503804
1.289672,5.507880
1.272371,5.511903
1.255057,5.515871
1.237731,5.519785
1.220393,5.523644
1.203043,5.527449
1.185680,5.531199
1.168306,5.534895
1.150921,5.538536
1.133524,5.542123
1.116116,5.545655
1.098697,5.549132
1.081268,5.552554
1.063827,5.555922
1.046376,5.559235
1.028915,5.562494
1.011444,5.565697
0.993962,5.568845
0.976471,5.571939
0.958970,5.574978
0.941460,5.577961
0.923940,5.580890
0.906412,5.583764
0.888874,5.586582
0.871328,5.589346
0.853773,5.592054
0.836209,5.594708
0.818638,5.597306
0.801058,5.599849
0.783471,5.602336
0.765875,5.604769
0.748273,5.607146
0.730662,5.609468
0.713045,5.611735
0.695420,5.613946
0.677789,5.616102
0.660151,5.618203
0.642507,5.620248
0.624856,5.622238
0.607199,5.624172
0.589536,5.626051
0.571867,5.627874
0.554192,5.629642
0.536513,5.631355
0.518827,5.633011
0.501137,5.634613
0.483442,5.636159
0.465742,5.637649
0.448037,5.639083
0.430328,5.640463
0.412615,5.641786
0.394898,5.643054
0.377176,5.644266
0.359451,5.645422
0.341723,5.646523
0.323991,5.647568
0.306256,5.648558
0.288518,5.649492
0.270777,5.650370
0.253033,5.651192
0.235287,5.651959
0.217539,5.652670
0.199788,5.653325
0.182036,5.653925
0.164281,5.654468
0.146525,5.654956
0.128768,5.655388
0.111009,5.655765
0.093250,5.656086
0.075489,5.656351
0.057728,5.656560
0.039966,5.656713
0.022203,5.656811
0.004441,5.656853
-0.013322,5.656839
-0.031084,5.656769
-0.048847,5.656643
-0.066608,5.656462
-0.084369,5.656225
-0.102130,5.655932
-0.119889,5.655584
-0.137647,5.655179
-0.155404,5.654719
-0.173159,5.654203
-0.190912,5.653632
-0.208664,5.653004
-0.226413,5.652321
-0.244161,5.651583
-0.261905,5.650788
-0.279648,5.649938
-0.297387,5.649032
-0.315124,5.648070
-0.332857,5.647053
-0.350588,5.645980
-0.368314,5.644851
-0.386037,5.643667
-0.403757,5.642427
-0.421472,5.641131
-0.439183,5.639780
-0.456890,5.638373
-0.474592,5.636911
-0.492290,5.635393
-0.509983,5.633819
-0.527671,5.632190
-0.545353,5.630505
-0.563030,5.628765
-0.580702,5.626969
-0.598368,5.625118
-0.616028,5.623212
-0.633682,5.621250
-0.651330,5.619232
-0.668971,5.617159
-0.686606,5.615031
-0.704233,5.612847
-0.721854,5.610608
-0.739468,5.608314
-0.757075,5.605964
-0.774674,5.603560
-0.792265,5.601099
-0.809849,5.598584
-0.827425,5.596014
-0.844992,5.593388
-0.862551,5.590707
-0.880102,5.587971
-0.897644,5.585180
-0.915177,5.582334
-0.932701,5.579433
-0.950216,5.576476
-0.967722,5.573465
-0.985218,5.570399
-1.002704,5.567278
-1.020180,5.564102
-1.037647,5.560871
-1.055103,5.557586
-1.072549,5.554245
-1.089984,5.550850
-1.107408,5.547400
-1.124822,5.543895
-1.142224,5.540336
-1.159615,5.536722
-1.176995,5.533054
-1.194363,5.529331
-1.211719,5.525553
-1.229064,5.521721
-1.246396,5.517834
-1.263716,5.513894
-1.281023,5.509898
-1.298318,5.505849
-1.315600,5.501745
-1.332869,5.497587
-1.350125,5.493374
-1.367368,5.489108
-1.384597,5.484787
-1.401813,5.480413
-1.419014,5.475984
-1.436202,5.471501
-1.453375,5.466964
-1.470535,5.462374
-1.487679,5.457729
-1.504809,5.453031
-1.521925,5.448279
-1.539025,5.443473
-1.556110,5.438614
-1.573179,5.433701
-1.590234,5.428734
-1.607272,5.423714
-1.624295,5.418641
-1.641301,5.413514
-1.658292,5.408333
-1.675266,5.403100
-1.692223,5.397813
-1.709164,5.392472
-1.726088,5.387079
-1.742995,5.381632
-1.759885,5.376133
-1.776758,5.370580
-1.793613,5.364975
-1.810450,5.359316
-1.827269,5.353605
-1.844071,5.347841
-1.860854,5.342024
-1.877619,5.336155
-1.894365,5.330233
-1.911093,5.324258
-1.927802,5.318231
-1.944492,5.312151
-1.961162,5.306019
-1.977814,5.299835
-1.994445,5.293599
-2.011057,5.287310
-2.027650,5.280969
-2.044222,5.274576
-2.060774,5.268131
-2.077306,5.261635
-2.093818,5.255086
-2.110308,5.248485
-2.126778,5.241833
-2.143227,5.235129
-2.159655,5.228374
-2.176062,5.221566
-2.192447,5.214708
-2.208810,5.207798
-2.225152,5.200836
-2.241472,5.193824
-2.257769,5.186760
-2.274045,5.179645
-2.290298,5.172479
-2.306528,5.165262
-2.322736,5.157994
-2.338920,5.150675
-2.355082,5.143305
-2.371220,5.135885
-2.387336,5.128414
-2.403427,5.120892
-2.419495,5.113320
-2.435539,5.105698
-2.451559,5.098025
-2.467555,5.090302
-2.483526,5.082529
-2.499473,5.074705
-2.515396,5.066832
-2.531293,5.058909
-2.547166,5.050935
-2.563013,5.042912
-2.578835,5.034839
-2.594632,5.026717
-2.610403,5.018545
-2.626149,5.010324
-2.641868,5.002053
-2.657562,4.993733
-2.673229,4.985363
-2.688870,4.976945
-2.704484,4.968477
-2.720072,4.959960
-2.735633,4.951395
-2.751167,4.942781
-2.766674,4.934117
-2.782154,4.925406
-2.797606,4.916645
-2.813030,4.907837
-2.828427,4.898979
-2.843796,4.890074
-2.859137,4.881120
-2.874450,4.872119
-2.889734,4.863069
-2.904990,4.853971
-2.920217,4.844825
-2.935416,4.835632
-2.950585,4.826391
-2.965725,4.817102
-2.980837,4.807766
-2.995918,4.798382
-3.010971,4.788951
-3.025993,4.779473
-3.040986,4.769948
-3.055949,4.760376
-3.070881,4.750757
-3.085784,4.741091
-3.100655,4.731378
-3.115497,4.721618
-3.130307,4.711812
-3.145087,4.701960
-3.159836,4.692061
-3.174553,4.682116
-3.189240,4.672125
-3.203895,4.662087
-3.218518,4.652004
-3.233109,4.641875
-3.247669,4.631700
-3.262197,4.621480
-3.276692,4.611213
-3.291155,4.600902
-3.305586,4.590545
-3.319984,4.580143
-3.334349,4.569695
-3.348682,4.559203
-3.362981,4.548665
-3.377248,4.538083
-3.391481,4.527456
-3.405680,4.516785
-3.419846,4.506068
-3.433978,4.495308
-3.448077,4.484503
-3.462141,4.473654
-3.476171,4.462761
-3.490167,4.451823
-3.504129,4.440842
-3.518056,4.429817
-3.531949,4.418749
-3.545806,4.407637
-3.559629,4.396481
-3.573416,4.385282
-3.587168,4.374040
-3.600885,4.362754
-3.614567,4.351426
-3.628212,4.340055
-3.641822,4.328641
-3.655396,4.317184
-3.668934,4.305685
-3.682436,4.294143
-3.695902,4.282559
-3.709331,4.270933
-3.722723,4.259264
-3.736079,4.247554
-3.749398,4.235801
-3.762680,4.224007
-3.775925,4.212172
-3.789133,4.200294
-3.802303,4.188376
-3.815436,4.176416
-3.828531,4.164415
-3.841589,4.152373
-3.854608,4.140289
-3.867590,4.128165
-3.880533,4.116001
-3.893438,4.103796
-3.906305,4.091550
-3.919133,4.079264
-3.931923,4.066938
-3.944674,4.054571
-3.957386,4.042165
-3.970059,4.029719
-3.982693,4.017233
-3.995287,4.004707
-4.007842,3.992142
-4.020358,3.979538
-4.032834,3.966894
-4.045270,3.954212
-4.057667,3.941490
-4.070023,3.928729
-4.082339,3.915930
-4.094615,3.903092
-4.106851,3.890216
-4.119046,3.877301
-4.131200,3.864348
-4.143314,3.851357
-4.155387,3.838328
-4.167419,3.825261
-4.179410,3.812156
-4.191359,3.799014
-4.203268,3.785834
-4.215134,3.772617
-4.226960,3.759363
-4.238743,3.746072
-4.250485,3.732744
-4.262185,3.719379
-4.273843,3.705977
-4.285459,3.692539
-4.297032,3.679064
-4.308564,3.665553
-4.320052,3.652006
-4.331498,3.638423
-4.342902,3.624804
-4.354262,3.611150
-4.365580,3.597459
-4.376854,3.583734
-4.388086,3.569973
-4.399274,3.556176
-4.410419,3.542345
-4.421520,3.528479
-4.432578,3.514578
-4.443592,3.500642
-4.454562,3.486672
-4.465488,3.472667
-4.476370,3.458628
-4.487208,3.444555
-4.498002,3.430448
-4.508752,3.416308
-4.519457,3.402133
-4.530117,3.387925
-4.540733,3.373684
-4.551304,3.359409
-4.561830,3.345102
-4.572311,3.330761
-4.582747,3.316387
-4.593138,3.301981
-4.603484,3.287542
-4.613784,3.273071
-4.624039,3.258568
-4.634248,3.244032
-4.644412,3.229464
-4.654529,3.214865
-4.664601,3.200234
-4.674627,3.185571
-4.684607,3.170877
-4.694540,3.156152
-4.704427,3.141395
-4.714268,3.126608
-4.724063,3.111789
-4.733810,3.096940
-4.743511,3.082061
-4.753166,3.067151
-4.762773,3.052211
-4.772334,3.037241
-4.781847,3.022240
-4.791314,3.007210
-4.800733,2.992151
-4.810104,2.977062
-4.819429,2.961943
-4.828705,2.946795
-4.837935,2.931619
-4.847116,2.916413
-4.856250,2.901179
-4.865336,2.885916
-4.874374,2.870624
-4.883363,2.855304
-4.892305,2.839956
-4.901198,2.824581
-4.910043,2.809177
-4.918840,2.793745
-4.927588,2.778286
-4.936288,2.762800
-4.944939,2.747286
-4.953541,2.731745
-4.962094,2.716178
-4.970599,2.700583
-4.979054,2.684962
-4.987460,2.669315
-4.995817,2.653641
-5.004125,2.637941
-5.012384,2.622215
-5.020593,2.606463
-5.028752,2.590685
-5.036862,2.574882
-5.044923,2.559054
-5.052933,2.543200
-5.060894,2.527321
-5.068805,2.511417
-5.076666,2.495489
-5.084477,2.479536
-5.092237,2.463558
-5.099948,2.447556
-5.107608,2.431530
-5.115218,2.415480
-5.122777,2.399406
-5.130286,2.383309
-5.137745,2.367188
-5.145152,2.351044
-5.152509,2.334876
-5.159816,2.318686
-5.167071,2.302472
-5.174275,2.286236
-5.181428,2.269978
-5.188531,2.253697
-5.195582,2.237394
-5.202582,2.221068
-5.209530,2.204721
-5.216427,2.188352
-5.223273,2.171962
-5.230067,2.155550
-5.236810,2.139117
-5.243501,2.122663
-5.250140,2.106188
-5.256728,2.089692
-5.263264,2.073175
-5.269748,2.056638
-5.276179,2.040081
-5.282559,2.023504
-5.288887,2.006906
-5.295163,1.990289
-5.301386,1.973652
-5.307557,1.956996
-5.313676,1.940321
-5.319743,1.923626
-5.325757,1.906913
-5.331718,1.890180
-5.337627,1.873429
-5.343483,1.856660
-5.349287,1.839872
-5.355038,1.823066
-5.360736,1.806242
-5.366381,1.789401
-5.371973,1.772541
-5.377513,1.755664
-5.382999,1.738770
-5.388432,1.721859
-5.393812,1.704931
-5.399139,1.687986
-5.404413,1.671024
-5.409633,1.654046
-5.414800,1.637051
-5.419914,1.620041
-5.424974,1.603014
-5.429981,1.585972
-5.434934,1.568913
-5.439834,1.551840
-5.444680,1.534751
-5.449472,1.517647
-5.454211,1.500528
-5.458896,1.483395
-5.463527,1.466246
-5.468104,1.449083
-5.472627,1.431906
-5.477096,1.414715
-5.481511,1.397510
-5.485872,1.380291
-5.490180,1.363058
-5.494433,1.345812
-5.498631,1.328553
-5.502776,1.311281
-5.506866,1.293996
-5.510902,1.276698
-5.514884,1.259387
-5.518811,1.242064
-5.522684,1.224729
-5.526503,1.207381
-5.530267,1.190022
-5.533976,1.172651
-5.537631,1.155268
-5.541231,1.137874
-5.544777,1.120469
-5.548268,1.103053
-5.551704,1.085626
-5.555085,1.068188
-5.558412,1.050740
-5.561684,1.033281
-5.564901,1.015812
-5.568063,0.998333
-5.571171,0.980845
-5.574223,0.963346
-5.577221,0.945838
-5.580163,0.928321
-5.583051,0.910795
-5.585883,0.893259
-5.588660,0.875715
-5.591382,0.858162
-5.594049,0.840601
-5.596661,0.823032
-5.599218,0.805454
-5.601720,0.787868
-5.604166,0.770275
-5.606557,0.752674
-5.608893,0.735066
-5.611173,0.717450
-5.613398,0.699827
-5.615568,0.682198
-5.617683,0.664561
-5.619742,0.646918
-5.621745,0.629269
-5.623694,0.611614
-5.625586,0.593952
-5.627424,0.576285
-5.629205,0.558612
-5.630932,0.540933
-5.632602,0.523249
-5.634218,0.505560
-5.635777,0.487866
-5.637282,0.470167
-5.638730,0.452464
-5.640123,0.434756
-5.641460,0.417044
-5.642742,0.399327
-5.643968,0.381607
-5.645139,0.363883
-5.646253,0.346155
-5.647312,0.328424
-5.648316,0.310690
-5.649264,0.292953
-5.650156,0.275212
-5.650992,0.257469
-5.651773,0.239724
-5.652497,0.221976
-5.653167,0.204226
-5.653780,0.186474
-5.654338,0.168720
-5.654839,0.150965
-5.655286,0.133208
-5.655676,0.115449
-5.656011,0.097690
-5.656290,0.079929
-5.656513,0.062168
-5.656680,0.044406
-5.656792,0.026644
-5.656847,0.008881
-5.656847,-0.008881
-5.656792,-0.026644
-5.656680,-0.044406
-5.656513,-0.062168
-5.656290,-0.079929
-5.656011,-0.097690
-5.655676,-0.115449
-5.655286,-0.133208
-5.654839,-0.150965
-5.654338,-0.168720
-5.653780,-0.186474
-5.653167,-0.204226
-5.652497,-0.221976
-5.651773,-0.239724
-5.650992,-0.257469
-5.650156,-0.275212
-5.649264,-0.292953
-5.648316,-0.310690
-5.647312,-0.328424
-5.646253,-0.346155
-5.645139,-0.363883
-5.643968,-0.381607
-5.642742,-0.399327
-5.641460,-0.417044
-5.640123,-0.434756
-5.638730,-0.452464
-5.637282,-0.470167
-5.635777,-0.487866
-5.634218,-0.505560
-5.632602,-0.523249
-5.630932,-0.540933
-5.629205,-0.558612
-5.627424,-0.576285
-5.625586,-0.593952
-5.623694,-0.611614
-5.621745,-0.629269
-5.619742,-0.646918
-5.617683,-0.664561
-5.615568,-0.682198
-5.613398,-0.699827
-5.611173,-0.717450
-5.608893,-0.735066
-5.606557,-0.752674
-5.604166,-0.770275
-5.601720,-0.787868
-5.599218,-0.805454
-5.596661,-0.823032
-5.594049,-0.840601
-5.591382,-0.858162
-5.588660,-0.875715
-5.585883,-0.893259
-5.583051,-0.910795
-5.580163,-0.928321
-5.577221,-0.945838
-5.574223,-0.963346
-5.571171,-0.980845
-5.568063,-0.998333
-5.564901,-1.015812
-5.561684,-1.033281
-5.558412,-1.050740
-5.555085,-1.068188
-5.551704,-1.085626
-5.548268,-1.103053
-5.544777,-1.120469
-5.541231,-1.137874
-5.537631,-1.155268
-5.533976,-1.172651
-5.530267,-1.190022
-5.526503,-1.207381
-5.522684,-1.224729
-5.518811,-1.242064
-5.514884,-1.259387
-5.510902,-1.276698
-5.506866,-1.293996
-5.502776,-1.311281
-5.498631,-1.328553
-5.494433,-1.345812
-5.490180,-1.363058
-5.485872,-1.380291
-5.481511,-1.397510
-5.477096,-1.414715
-5.472627,-1.431906
-5.468104,-1.449083
-5.463527,-1.466246
-5.458896,-1.483395
-5.454211,-1.500528
-5.449472,-1.517647
-5.444680,-1.534751
-5.439834,-1.551840
-5.434934,-1.568913
-5.429981,-1.585972
-5.424974,-1.603014
-5.419914,-1.620041
-5.414800,-1.637051
-5.409633,-1.654046
-5.404413,-1.671024
-5.399139,-1.687986
-5.393812,-1.704931
-5.388432,-1.721859
-5.382999,-1.738770
-5.377513,-1.755664
-5.371973,-1.772541
-5.366381,-1.789401
-5.360736,-1.806242
-5.355038,-1.823066
-5.349287,-1.839872
-5.343483,-1.856660
-5.337627,-1.873429
-5.331718,-1.890180
-5.325757,-1.906913
-5.319743,-1.923626
-5.313676,-1.940321
-5.307557,-1.956996
-5.301386,-1.973652
-5.295163,-1.990289
-5.288887,-2.006906
-5.282559,-2.023504
-5.276179,-2.040081
-5.269748,-2.056638
-5.263264,-2.073175
-5.256728,-2.089692
-5.250140,-2.106188
-5.243501,-2.122663
-5.236810,-2.139117
-5.230067,-2.155550
-5.223273,-2.171962
-5.216427,-2.188352
-5.209530,-2.204721
-5.202582,-2.221068
-5.195582,-2.237394
-5.188531,-2.253697
-5.181428,-2.269978
-5.174275,-2.286236
-5.167071,-2.302472
-5.159816,-2.318686
-5.152509,-2.334876
-5.145152,-2.351044
-5.137745,-2.367188
-5.130286,-2.383309
-5.122777,-2.399406
-5.115218,-2.415480
-5.107608,-2.431530
-5.099948,-2.447556
-5.092237,-2.463558
-5.084477,-2.479536
-5.076666,-2.495489
-5.068805,-2.511417
-5.060894,-2.527321
-5.052933,-2.543200
-5.044923,-2.559054
-5.036862,-2.574882
-5.028752,-2.590685
-5.020593,-2.606463
-5.012384,-2.622215
-5.004125,-2.637941
-4.995817,-2.653641
-4.987460,-2.669315
-4.979054,-2.684962
-4.970599,-2.700583
-4.962094,-2.716178
-4.953541,-2.731745
-4.944939,-2.747286
-4.936288,-2.762800
-4.927588,-2.778286
-4.918840,-2.793745
-4.910043,-2.809177
-4.901198,-2.824581
-4.892305,-2.839956
-4.883363,-2.855304
-4.874374,-2.870624
-4.865336,-2.885916
-4.856250,-2.901179
-4.847116,-2.916413
-4.837935,-2.931619
-4.828705,-2.946795
-4.819429,-2.961943
-4.810104,-2.977062
-4.800733,-2.992151
-4.791314,-3.007210
-4.781847,-3.022240
-4.772334,-3.037241
-4.762773,-3.052211
-4.753166,-3.067151
-4.743511,-3.082061
-4.733810,-3.096940
-4.724063,-3.111789
-4.714268,-3.126608
-4.704427,-3.141395
-4.694540,-3.156152
-4.684607,-3.170877
-4.674627,-3.185571
-4.664601,-3.200234
-4.654529,-3.214865
-4.644412,-3.229464
-4.634248,-3.244032
-4.624039,-3.258568
-4.613784,-3.273071
-4.603484,-3.287542
-4.593138,-3.301981
-4.582747,-3.316387
-4.572311,-3.330761
-4.561830,-3.345102
-4.551304,-3.359409
-4.540733,-3.373684
-4.530117,-3.387925
-4.519457,-3.402133
-4.508752,-3.416308
-4.498002,-3.430448
-4.487208,-3.444555
-4.476370,-3.458628
-4.465488,-3.472667
-4.454562,-3.486672
-4.443592,-3.500642
-4.432578,-3.514578
-4.421520,-3.528479
-4.410419,-3.542345
-4.399274,-3.556176
-4.388086,-3.569973
-4.376854,-3.583734
-4.365580,-3.597459
-4.354262,-3.611150
-4.342902,-3.624804
-4.331498,-3.638423
-4.320052,-3.652006
-4.308564,-3.665553
-4.297032,-3.679064
-4.285459,-3.692539
-4.273843,-3.705977
-4.262185,-3.719379
-4.250485,-3.732744
-4.238743,-3.746072
-4.226960,-3.759363
-4.215134,-3.772617
-4.203268,-3.785834
-4.191359,-3.799014
-4.179410,-3.812156
-4.167419,-3.825261
-4.155387,-3.838328
-4.143314,-3.851357
-4.131200,-3.864348
-4.119046,-3.877301
-4.106851,-3.890216
-4.094615,-3.903092
-4.082339,-3.915930
-4.070023,-3.928729
-4.057667,-3.941490
-4.045270,-3.954212
-4.032834,-3.966894
-4.020358,-3.979538
-4.007842,-3.992142
-3.995287,-4.004707
-3.982693,-4.017233
-3.970059,-4.029719
-3.957386,-4.042165
-3.944674,-4.054571
-3.931923,-4.066938
-3.919133,-4.079264
-3.906305,-4.091550
-3.893438,-4.103796
-3.880533,-4.116001
-3.867590,-4.128165
-3.854608,-4.140289
-3.841589,-4.152373
-3.828531,-4.164415
-3.815436,-4.176416
-3.802303,-4.188376
-3.789133,-4.200294
-3.775925,-4.212172
-3.762680,-4.224007
-3.749398,-4.235801
-3.736079,-4.247554
-3.722723,-4.259264
-3.709331,-4.270933
-3.695902,-4.282559
-3.682436,-4.294143
-3.668934,-4.305685
-3.655396,-4.317184
-3.641822,-4.328641
-3.628212,-4.340055
-3.614567,-4.351426
-3.600885,-4.362754
-3.587168,-4.374040
-3.573416,-4.385282
-3.559629,-4.396481
-3.545806,-4.407637
-3.531949,-4.418749
-3.518056,-4.429817
-3.504129,-4.440842
-3.490167,-4.451823
-3.476171,-4.462761
-3.462141,-4.473654
-3.448077,-4.484503
-3.433978,-4.495308
-3.419846,-4.506068
-3.405680,-4.516785
-3.391481,-4.527456
-3.377248,-4.538083
-3.362981,-4.548665
-3.348682,-4.559203
-3.334349,-4.569695
-3.319984,-4.580143
-3.305586,-4.590545
-3.291155,-4.600902
-3.276692,-4.611213
-3.262197,-4.621480
-3.247669,-4.631700
-3.233109,-4.641875
-3.218518,-4.652004
-3.203895,-4.662087
-3.189240,-4.672125
-3.174553,-4.682116
-3.159836,-4.692061
-3.145087,-4.701960
-3.130307,-4.711812
-3.115497,-4.721618
-3.100655,-4.731378
-3.085784,-4.741091
-3.070881,-4.750757
-3.055949,-4.760376
-3.040986,-4.769948
-3.025993,-4.779473
-3.010971,-4.788951
-2.995918,-4.798382
-2.980837,-4.807766
-2.965725,-4.817102
-2.950585,-4.826391
-2.935416,-4.835632
-2.920217,-4.844825
-2.904990,-4.853971
-2.889734,-4.863069
-2.874450,-4.872119
-2.859137,-4.881120
-2.843796,-4.890074
-2.828427,-4.898979
-2.813030,-4.907837
-2.797606,-4.916645
-2.782154,-4.925406
-2.766674,-4.934117
-2.751167,-4.942781
-2.735633,-4.951395
-2.720072,-4.959960
-2.704484,-4.968477
-2.688870,-4.976945
-2.673229,-4.985363
-2.657562,-4.993733
-2.641868,-5.002053
-2.626149,-5.010324
-2.610403,-5.018545
-2.594632,-5.026717
-2.578835,-5.034839
-2.563013,-5.042912
-2.547166,-5.050935
-2.531293,-5.058909
-2.515396,-5.066832
-2.499473,-5.074705
-2.483526,-5.082529
-2.467555,-5.090302
-2.451559,-5.098025
-2.435539,-5.105698
-2.419495,-5.113320
-2.403427,-5.120892
-2.387336,-5.128414
-2.371220,-5.135885
-2.355082,-5.143305
-2.338920,-5.150675
-2.322736,-5.157994
-2.306528,-5.165262
-2.290298,-5.172479
-2.274045,-5.179645
-2.257769,-5.186760
-2.241472,-5.193824
-2.225152,-5.200836
-2.208810,-5.207798
-2.192447,-5.214708
-2.176062,-5.221566
-2.159655,-5.228374
-2.143227,-5.235129
-2.126778,-5.241833
-2.110308,-5.248485
-2.093818,-5.255086
-2.077306,-5.261635
-2.060774,-5.268131
-2.044222,-5.274576
-2.027650,-5.280969
-2.011057,-5.287310
-1.994445,-5.293599
-1.977814,-5.299835
-1.961162,-5.306019
-1.944492,-5.312151
-1.927802,-5.318231
-1.911093,-5.324258
-1.894365,-5.330233
-1.877619,-5.336155
-1.860854,-5.342024
-1.844071,-5.347841
-1.827269,-5.353605
-1.810450,-5.359316
-1.793613,-5.364975
-1.776758,-5.370580
-1.759885,-5.376133
-1.742995,-5.381632
-1.726088,-5.387079
-1.709164,-5.392472
-1.692223,-5.397813
-1.675266,-5.403100
-1.658292,-5.408333
-1.641301,-5.413514
-1.624295,-5.418641
-1.607272,-5.423714
-1.590234,-5.428734
-1.573179,-5.433701
-1.556110,-5.438614
-1.539025,-5.443473
-1.521925,-5.448279
-1.504809,-5.453031
-1.487679,-5.457729
-1.470535,-5.462374
-1.453375,-5.466964
-1.436202,-5.471501
-1.419014,-5.475984
-1.401813,-5.480413
-1.384597,-5.484787
-1.367368,-5.489108
-1.350125,-5.493374
-1.332869,-5.497587
-1.315600,-5.501745
-1.298318,-5.505849
-1.281023,-5.509898
-1.263716,-5.513894
-1.246396,-5.517834
-1.229064,-5.521721
-1.211719,-5.525553
-1.194363,-5.529331
-1.176995,-5.533054
-1.159615,-5.536722
-1.142224,-5.540336
-1.124822,-5.543895
-1.107408,-5.547400
-1.089984,-5.550850
-1.072549,-5.554245
-1.055103,-5.557586
-1.037647,-5.560871
-1.020180,-5.564102
-1.002704,-5.567278
-0.985218,-5.570399
-0.967722,-5.573465
-0.950216,-5.576476
-0.932701,-5.579433
-0.915177,-5.582334
-0.897644,-5.585180
-0.880102,-5.587971
-0.862551,-5.590707
-0.844992,-5.593388
-0.827425,-5.596014
-0.809849,-5.598584
-0.792265,-5.601099
-0.774674,-5.603560
-0.757075,-5.605964
-0.739468,-5.608314
-0.721854,-5.610608
-0.704233,-5.612847
-0.686606,-5.615031
-0.668971,-5.617159
-0.651330,-5.619232
-0.633682,-5.621250
-0.616028,-5.623212
-0.598368,-5.625118
-0.580702,-5.626969
-0.563030,-5.628765
-0.545353,-5.630505
-0.527671,-5.632190
-0.509983,-5.633819
-0.492290,-5.635393
-0.474592,-5.636911
-0.456890,-5.638373
-0.439183,-5.639780
-0.421472,-5.641131
-0.403757,-5.642427
-0.386037,-5.643667
-0.368314,-5.644851
-0.350588,-5.645980
-0.332857,-5.647053
-0.315124,-5.648070
-0.297387,-5.649032
-0.279648,-5.649938
-0.261905,-5.650788
-0.244161,-5.651583
-0.226413,-5.652321
-0.208664,-5.653004
-0.190912,-5.653632
-0.173159,-5.654203
-0.155404,-5.654719
-0.137647,-5.655179
-0.119889,-5.655584
-0.102130,-5.655932
-0.084369,-5.656225
-0.066608,-5.656462
-0.048847,-5.656643
-0.031084,-5.656769
-0.013322,-5.656839
0.004441,-5.656853
0.022203,-5.656811
0.039966,-5.656713
0.057728,-5.656560
0.075489,-5.656351
0.093250,-5.656086
0.111009,-5.655765
0.128768,-5.655388
0.146525,-5.654956
0.164281,-5.654468
0.182036,-5.653925
0.199788,-5.653325
0.217539,-5.652670
0.235287,-5.651959
0.253033,-5.651192
0.270777,-5.650370
0.288518,-5.649492
0.306256,-5.648558
0.323991,-5.647568
0.341723,-5.646523
0.359451,-5.645422
0.377176,-5.644266
0.394898,-5.643054
0.412615,-5.641786
0.430328,-5.640463
0.448037,-5.639083
0.465742,-5.637649
0.483442,-5.636159
0.501137,-5.634613
0.518827,-5.633011
0.536513,-5.631355
0.554192,-5.629642
0.571867,-5.627874
0.589536,-5.626051
0.607199,-5.624172
0.624856,-5.622238
0.642507,-5.620248
0.660151,-5.618203
0.677789,-5.616102
0.695420,-5.613946
0.713045,-5.611735
0.730662,-5.609468
0.748273,-5.607146
0.765875,-5.604769
0.783471,-5.602336
0.801058,-5.599849
0.818638,-5.597306
0.836209,-5.594708
0.853773,-5.592054
0.871328,-5.589346
0.888874,-5.586582
0.906412,-5.583764
0.923940,-5.580890
0.941460,-5.577961
0.958970,-5.574978
0.976471,-5.571939
0.993962,-5.568845
1.011444,-5.565697
1.028915,-5.562494
1.046376,-5.559235
1.063827,-5.555922
1.081268,-5.552554
1.098697,-5.549132
1.116116,-5.545655
1.133524,-5.542123
1.150921,-5.538536
1.168306,-5.534895
1.185680,-5.531199
1.203043,-5.527449
1.220393,-5.523644
1.237731,-5.519785
1.255057,-5.515871
1.272371,-5.511903
1.289672,-5.507880
1.306961,-5.503804
1.324236,-5.499673
1.341499,-5.495487
1.358748,-5.491248
1.375984,-5.486954
1.393206,-5.482607
1.410415,-5.478205
1.427610,-5.473749
1.444790,-5.469239
1.461957,-5.464676
1.479109,-5.460058
1.496246,-5.455387
1.513369,-5.450662
1.530477,-5.445883
1.547569,-5.441050
1.564647,-5.436164
1.581708,-5.431224
1.598755,-5.426231
1.615785,-5.421184
1.632800,-5.416084
1.649799,-5.410930
1.666781,-5.405723
1.683747,-5.400463
1.700696,-5.395149
1.717628,-5.389782
1.734544,-5.384362
1.751442,-5.378889
1.768324,-5.373363
1.785187,-5.367784
1.802033,-5.362152
1.818862,-5.356467
1.835672,-5.350730
1.852465,-5.344939
1.869239,-5.339096
1.885994,-5.333200
1.902731,-5.327252
1.919450,-5.321251
1.936149,-5.315198
1.952829,-5.309092
1.969490,-5.302934
1.986132,-5.296724
2.002754,-5.290461
2.019356,-5.284146
2.035939,-5.277779
2.052501,-5.271360
2.069043,-5.264890
2.085564,-5.258367
2.102066,-5.251792
2.118546,-5.245166
2.135005,-5.238488
2.151444,-5.231758
2.167861,-5.224976
2.184257,-5.218144
2.200631,-5.211259
2.216984,-5.204324
2.233314,-5.197336
2.249623,-5.190298
2.265910,-5.183209
2.282174,-5.176068
2.298416,-5.168877
2.314635,-5.161634
2.330831,-5.154341
2.347004,-5.146996
2.363154,-5.139601
2.379281,-5.132156
2.395384,-5.124659
2.411464,-5.117113
2.427520,-5.109515
2.443552,-5.101868
2.459560,-5.094170
2.475543,-5.086422
2.491503,-5.078623
2.507437,-5.070775
2.523347,-5.062876
2.539232,-5.054928
2.555093,-5.046930
2.570927,-5.038882
2.586737,-5.030784
2.602521,-5.022637
2.618279,-5.014441
2.634012,-5.006194
2.649718,-4.997899
2.665399,-4.989554
2.681053,-4.981160
2.696681,-4.972717
2.712282,-4.964225
2.727856,-4.955684
2.743404,-4.947094
2.758924,-4.938455
2.774417,-4.929768
2.789883,-4.921032
2.805321,-4.912247
2.820732,-4.903414
2.836115,-4.894533
2.851470,-4.885603
2.866797,-4.876625
2.882095,-4.867600
2.897366,-4.858526
2.912607,-4.849404
2.927820,-4.840235
2.943004,-4.831017
2.958159,-4.821752
2.973285,-4.812440
2.988381,-4.803080
3.003448,-4.793673
3.018486,-4.784218
3.033493,-4.774717
3.048471,-4.765168
3.063419,-4.755572
3.078336,-4.745929
3.093223,-4.736240
3.108080,-4.726504
3.122906,-4.716721
3.137701,-4.706892
3.152465,-4.697016
3.167199,-4.687094
3.181900,-4.677126
3.196571,-4.667112
3.211210,-4.657052
3.225818,-4.646945
3.240393,-4.636793
3.254937,-4.626596
3.269448,-4.616352
3.283928,-4.606063
3.298375,-4.595729
3.312789,-4.585349
3.327171,-4.574925
3.341520,-4.564455
3.355836,-4.553940
3.370119,-4.543380
3.384368,-4.532775
3.398585,-4.522126
3.412767,-4.511432
3.426916,-4.500694
3.441032,-4.489911
3.455113,-4.479084
3.469161,-4.468213
3.483174,-4.457297
3.497153,-4.446338
3.511097,-4.435335
3.525007,-4.424288
3.538882,-4.413198
3.552722,-4.402064
3.566527,-4.390887
3.580297,-4.379666
3.594031,-4.368402
3.607730,-4.357096
3.621394,-4.345746
3.635022,-4.334353
3.648614,-4.322918
3.662170,-4.311440
3.675690,-4.299919
3.689173,-4.288356
3.702621,-4.276751
3.716032,-4.265104
3.729406,-4.253414
3.742743,-4.241683
3.756044,-4.229910
3.769307,-4.218095
3.782534,-4.206238
3.795723,-4.194340
3.808874,-4.182401
3.821988,-4.170420
3.835065,-4.158399
3.848103,-4.146336
3.861104,-4.134233
3.874066,-4.122088
3.886991,-4.109903
3.899877,-4.097678
3.912724,-4.085412
3.925533,-4.073106
3.938303,-4.060759
3.951035,-4.048373
3.963727,-4.035947
3.976381,-4.023481
3.988995,-4.010975
4.001570,-3.998430
4.014105,-3.985845
4.026601,-3.973221
4.039057,-3.960558
4.051473,-3.947856
4.063850,-3.935114
4.076186,-3.922334
4.088482,-3.909516
4.100738,-3.896659
4.112953,-3.883763
4.125128,-3.870829
4.137262,-3.857857
4.149356,-3.844847
4.161408,-3.831799
4.173419,-3.818713
4.185390,-3.805590
4.197319,-3.792429
4.209206,-3.779230
4.221052,-3.765995
4.232857,-3.752722
4.244620,-3.739412
4.256340,-3.726066
4.268019,-3.712682
4.279656,-3.699262
4.291251,-3.685806
4.302803,-3.672313
4.314313,-3.658784
4.325781,-3.645219
4.337205,-3.631618
4.348587,-3.617981
4.359926,-3.604309
4.371222,-3.590601
4.382475,-3.576857
4.393685,-3.563079
4.404852,-3.549265
4.415975,-3.535416
4.427054,-3.521532
4.438090,-3.507614
4.449082,-3.493661
4.460030,-3.479674
4.470935,-3.465652
4.481795,-3.451596
4.492611,-3.437506
4.503382,-3.423382
4.514110,-3.409225
4.524792,-3.395034
4.535431,-3.380809
4.546024,-3.366551
4.556573,-3.352260
4.567076,-3.337935
4.577535,-3.323578
4.587949,-3.309188
4.598317,-3.294766
4.608640,-3.280311
4.618917,-3.265823
4.629149,-3.251304
4.639336,-3.236752
4.649476,-3.222169
4.659571,-3.207553
4.669620,-3.192906
4.679623,-3.178228
4.689579,-3.163518
4.699490,-3.148777
4.709354,-3.134005
4.719171,-3.119202
4.728942,-3.104369
4.738667,-3.089504
4.748344,-3.074610
4.757975,-3.059685
4.767559,-3.044729
4.777096,-3.029744
4.786586,-3.014729
4.796029,-2.999684
4.805424,-2.984610
4.814772,-2.969506
4.824073,-2.954373
4.833326,-2.939211
4.842531,-2.924019
4.851689,-2.908799
4.860799,-2.893551
4.869861,-2.878273
4.878874,-2.862968
4.887840,-2.847634
4.896758,-2.832272
4.905627,-2.816882
4.914448,-2.801464
4.923220,-2.786019
4.931944,-2.770546
4.940619,-2.755046
4.949246,-2.739519
4.957824,-2.723965
4.966352,-2.708384
4.974832,-2.692776
4.983263,-2.677142
4.991645,-2.661481
4.999977,-2.645794
5.008261,-2.630081
5.016494,-2.614342
5.024679,-2.598577
5.032814,-2.582787
5.040899,-2.566971
5.048934,-2.551130
5.056920,-2.535264
5.064856,-2.519372
5.072742,-2.503456
5.080578,-2.487515
5.088363,-2.471550
5.096099,-2.455560
5.103784,-2.439546
5.111419,-2.423508
5.119004,-2.407446
5.126538,-2.391361
5.134022,-2.375251
5.141455,-2.359119
5.148837,-2.342963
5.156169,-2.326784
5.163450,-2.310582
5.170679,-2.294357
5.177858,-2.278110
5.184986,-2.261840
5.192063,-2.245548
5.199088,-2.229234
5.206062,-2.212898
5.212985,-2.196540
5.219857,-2.180160
5.226677,-2.163759
5.233445,-2.147336
5.240162,-2.130892
5.246827,-2.114428
5.253441,-2.097942
5.260002,-2.081436
5.266512,-2.064909
5.272970,-2.048362
5.279376,-2.031795
5.285730,-2.015207
5.292031,-1.998600
5.298281,-1.981973
5.304478,-1.965327
5.310623,-1.948661
5.316716,-1.931976
5.322756,-1.915272
5.328744,-1.898549
5.334679,-1.881807
5.340562,-1.865047
5.346392,-1.848268
5.352169,-1.831471
5.357893,-1.814656
5.363565,-1.797824
5.369184,-1.780973
5.374750,-1.764105
5.380262,-1.747219
5.385722,-1.730317
5.391129,-1.713397
5.396482,-1.696460
5.401783,-1.679507
5.407030,-1.662537
5.412224,-1.645550
5.417364,-1.628548
5.422451,-1.611529
5.427484,-1.594495
5.432464,-1.577444
5.437391,-1.560379
5.442264,-1.543297
5.447083,-1.526201
5.451848,-1.509090
5.456560,-1.491963
5.461218,-1.474822
5.465822,-1.457667
5.470372,-1.440497
5.474868,-1.423312
5.479310,-1.406114
5.483699,-1.388902
5.488033,-1.371676
5.492313,-1.354437
5.496539,-1.337185
5.500710,-1.319919
5.504828,-1.302640
5.508891,-1.285348
5.512900,-1.268044
5.516854,-1.250727
5.520754,-1.233398
5.524600,-1.216056
5.528391,-1.198703
5.532128,-1.181338
5.535810,-1.163961
5.539438,-1.146573
5.543011,-1.129173
5.546529,-1.111763
5.549993,-1.094341
5.553402,-1.076908
5.556756,-1.059465
5.560055,-1.042012
5.563300,-1.024548
5.566489,-1.007074
5.569624,-0.989590
5.572704,-0.972097
5.575729,-0.954593
5.578699,-0.937081
5.581614,-0.919559
5.584474,-0.902028
5.587278,-0.884488
5.590028,-0.866940
5.592723,-0.849383
5.595362,-0.831817
5.597947,-0.814244
5.600476,-0.796662
5.602950,-0.779073
5.605368,-0.761475
5.607732,-0.743871
5.610040,-0.726259
5.612293,-0.708639
5.614490,-0.691013
5.616632,-0.673380
5.618719,-0.655741
5.620750,-0.638094
5.622726,-0.620442
5.624647,-0.602784
5.626512,-0.585119
5.628321,-0.567449
5.630075,-0.549773
5.631774,-0.532092
5.633417,-0.514405
5.635004,-0.496714
5.636536,-0.479017
5.638013,-0.461316
5.639433,-0.443610
5.640799,-0.425900
5.642108,-0.408186
5.643362,-0.390468
5.644560,-0.372745
5.645703,-0.355020
5.646790,-0.337290
5.647821,-0.319558
5.648797,-0.301822
5.649717,-0.284083
5.650581,-0.266341
5.651389,-0.248597
5.652142,-0.230850
5.652839,-0.213101
5.653480,-0.195350
5.654066,-0.177597
5.654596,-0.159843
5.655070,-0.142086
5.655488,-0.124329
5.655850,-0.106570
5.656157,-0.088810
5.656408,-0.071049
5.656603,-0.053287
5.656743,-0.035525
5.656826,-0.017763
5.656854,-0.000000
8.000000,8.000000
7.992004,7.992004
7.984008,7.984008
7.976012,7.976012
7.968016,7.968016
7.960020,7.960020
7.952024,7.952024
7.944028,7.944028
7.936032,7.936032
7.928036,7.928036
7.920040,7.920040
7.912044,7.912044
7.904048,7.904048
7.896052,7.896052
7.888056,7.888056
7.880060,7.880060
7.872064,7.872064
7.864068,7.864068
7.856072,7.856072
7.848076,7.848076
7.840080,7.840080
7.832084,7.832084
7.824088,7.824088
7.816092,7.816092
7.808096,7.808096
7.800100,7.800100
7.792104,7.792104
7.784108,7.784108
7.776112,7.776112
7.768116,7.768116
7.760120,7.760120
7.752124,7.752124
7.744128,7.744128
7.736132,7.736132
7.728136,7.728136
7.720140,7.720140
7.712144,7.712144
7.704148,7.704148
7.696152,7.696152
7.688156,7.688156
7.680160,7.680160
7.672164,7.672164
7.664168,7.664168
7.656172,7.656172
7.648176,7.648176
7.640180,7.640180
7.632184,7.632184
7.624188,7.624188
7.616192,7.616192
7.608196,7.608196
7.600200,7.600200
7.592204,7.592204
7.584208,7.584208
7.576212,7.576212
7.568216,7.568216
7.560220,7.560220
7.552224,7.552224
7.544228,7.544228
7.536232,7.536232
7.528236,7.528236
7.520240,7.520240
7.512244,7.512244
7.504248,7.504248
7.496252,7.496252
7.488256,7.488256
7.480260,7.480260
7.472264,7.472264
7.464268,7.464268
7.456272,7.456272
7.448276,7.448276
7.440280,7.440280
7.432284,7.432284
7.424288,7.424288
7.416292,7.416292
7.408296,7.408296
7.400300,7.400300
7.392304,7.392304
7.384308,7.384308
7.376312,7.376312
7.368316,7.368316
7.360320,7.360320
7.352324,7.352324
7.344328,7.344328
7.336332,7.336332
7.328336,7.328336
7.320340,7.320340
7.312344,7.312344
7.304348,7.304348
7.296352,7.296352
7.288356,7.288356
7.280360,7.280360
7.272364,7.272364
7.264368,7.264368
7.256372,7.256372
7.248376,7.248376
7.240380,7.240380
7.232384,7.232384
7.224388,7.224388
7.216392,7.216392
7.208396,7.208396
7.200400,7.200400
7.192404,7.192404
7.184408,7.184408
7.176412,7.176412
7.168416,7.168416
7.160420,7.160420
7.152424,7.152424
7.144428,7.144428
7.136432,7.136432
7.128436,7.128436
7.120440,7.120440
7.112444,7.112444
7.104448,7.104448
7.096452,7.096452
7.088456,7.088456
7.080460,7.080460
7.072464,7.072464
7.064468,7.064468
7.056472,7.056472
7.048476,7.048476
7.040480,7.040480
7.032484,7.032484
7.024488,7.024488
7.016492,7.016492
7.008496,7.008496
7.000500,7.000500
6.992504,6.992504
6.984508,6.984508
6.976512,6.976512
6.968516,6.968516
6.960520,6.960520
6.952524,6.952524
6.944528,6.944528
6.936532,6.936532
6.928536,6.928536
6.920540,6.920540
6.912544,6.912544
6.904548,6.904548
6.896552,6.896552
6.888556,6.888556
6.880560,6.880560
6.872564,6.872564
6.864568,6.864568
6.856572,6.856572
6.848576,6.848576
6.840580,6.840580
6.832584,6.832584
6.824588,6.824588
6.816592,6.816592
6.808596,6.808596
6.800600,6.800600
6.792604,6.792604
6.784608,6.784608
6.776612,6.776612
6.768616,6.768616
6.760620,6.760620
6.752624,6.752624
6.744628,6.744628
6.736632,6.736632
6.728636,6.728636
6.720640,6.720640
6.712644,6.712644
6.704648,6.704648
6.696652,6.696652
6.688656,6.688656
6.680660,6.680660
6.672664,6.672664
6.664668,6.664668
6.656672,6.656672
6.648676,6.648676
6.640680,6.640680
6.632684,6.632684
6.624688,6.624688
6.616692,6.616692
6.608696,6.608696
6.600700,6.600700
6.592704,6.592704
6.584708,6.584708
6.576712,6.576712
6.568716,6.568716
6.560720,6.560720
6.552724,6.552724
6.544728,6.544728
6.536732,6.536732
6.528736,6.528736
6.520740,6.520740
6.512744,6.512744
6.504748,6.504748
6.496752,6.496752
6.488756,6.488756
6.480760,6.480760
6.472764,6.472764
6.464768,6.464768
6.456772,6.456772
6.448776,6.448776
6.440780,6.440780
6.432784,6.432784
6.424788,6.424788
6.416792,6.416792
6.408796,6.408796
6.400800,6.400800
6.392804,6.392804
6.384808,6.384808
6.376812,6.376812
6.368816,6.368816
6.360820,6.360820
6.352824,6.352824
6.344828,6.344828
6.336832,6.336832
6.328836,6.328836
6.320840,6.320840
6.312844,6.312844
6.304848,6.304848
6.296852,6.296852
6.288856,6.288856
6.280860,6.280860
6.272864,6.272864
6.264868,6.264868
6.256872,6.256872
6.248876,6.248876
6.240880,6.240880
6.232884,6.232884
6.224888,6.224888
6.216892,6.216892
6.208896,6.208896
6.200900,6.200900
6.192904,6.192904
6.184908,6.184908
6.176912,6.176912
6.168916,6.168916
6.160920,6.160920
6.152924,6.152924
6.144928,6.144928
6.136932,6.136932
6.128936,6.128936
6.120940,6.120940
6.112944,6.112944
6.104948,6.104948
6.096952,6.096952
6.088956,6.088956
6.080960,6.080960
6.072964,6.072964
6.064968,6.064968
6.056972,6.056972
6.048976,6.048976
6.040980,6.040980
6.032984,6.032984
6.024988,6.024988
6.016992,6.016992
6.008996,6.008996
6.001000,6.001000
5.993003,5.993003
5.985007,5.985007
5.977011,5.977011
5.969015,5.969015
5.961019,5.961019
5.953023,5.953023
5.945027,5.945027
5.937031,5.937031
5.929035,5.929035
5.921039,5.921039
5.913043,5.913043
5.905047,5.905047
5.897051,5.897051
5.889055,5.889055
5.881059,5.881059
5.873063,5.873063
5.865067,5.865067
5.857071,5.857071
5.849075,5.849075
5.841079,5.841079
5.833083,5.833083
5.825087,5.825087
5.817091,5.817091
5.809095,5.809095
5.801099,5.801099
5.793103,5.793103
5.785107,5.785107
5.777111,5.777111
5.769115,5.769115
5.761119,5.761119
5.753123,5.753123
5.745127,5.745127
5.737131,5.737131
5.729135,5.729135
5.721139,5.721139
5.713143,5.713143
5.705147,5.705147
5.697151,5.697151
5.689155,5.689155
5.681159,5.681159
5.673163,5.673163
5.665167,5.665167
5.657171,5.657171
5.649175,5.649175
5.641179,5.641179
5.633183,5.633183
5.625187,5.625187
5.617191,5.617191
5.609195,5.609195
5.601199,5.601199
5.593203,5.593203
5.585207,5.585207
5.577211,5.577211
5.569215,5.569215
5.561219,5.561219
5.553223,5.553223
5.545227,5.545227
5.537231,5.537231
5.529235,5.529235
5.521239,5.521239
5.513243,5.513243
5.505247,5.505247
5.497251,5.497251
5.489255,5.489255
5.481259,5.481259
5.473263,5.473263
5.465267,5.465267
5.457271,5.457271
5.449275,5.449275
5.441279,5.441279
5.433283,5.433283
5.425287,5.425287
5.417291,5.417291
5.409295,5.409295
5.401299,5.401299
5.393303,5.393303
5.385307,5.385307
5.377311,5.377311
5.369315,5.369315
5.361319,5.361319
5.353323,5.353323
5.345327,5.345327
5.337331,5.337331
5.329335,5.329335
5.321339,5.321339
5.313343,5.313343
5.305347,5.305347
5.297351,5.297351
5.289355,5.289355
5.281359,5.281359
5.273363,5.273363
5.265367,5.265367
5.257371,5.257371
5.249375,5.249375
5.241379,5.241379
5.233383,5.233383
5.225387,5.225387
5.217391,5.217391
5.209395,5.209395
5.201399,5.201399
5.193403,5.193403
5.185407,5.185407
5.177411,5.177411
5.169415,5.169415
5.161419,5.161419
5.153423,5.153423
5.145427,5.145427
5.137431,5.137431
5.129435,5.129435
5.121439,5.121439
5.113443,5.113443
5.105447,5.105447
5.097451,5.097451
5.089455,5.089455
5.081459,5.081459
5.073463,5.073463
5.065467,5.065467
5.057471,5.057471
5.049475,5.049475
5.041479,5.041479
5.033483,5.033483
5.025487,5.025487
5.017491,5.017491
5.009495,5.009495
5.001499,5.001499
4.993503,4.993503
4.985507,4.985507
4.977511,4.977511
4.969515,4.969515
4.961519,4.961519
4.953523,4.953523
4.945527,4.945527
4.937531,4.937531
4.929535,4.929535
4.921539,4.921539
4.913543,4.913543
4.905547,4.905547
4.897551,4.897551
4.889555,4.889555
4.881559,4.881559
4.873563,4.873563
4.865567,4.865567
4.857571,4.857571
4.849575,4.849575
4.841579,4.841579
4.833583,4.833583
4.825587,4.825587
4.817591,4.817591
4.809595,4.809595
4.801599,4.801599
4.793603,4.793603
4.785607,4.785607
4.777611,4.777611
4.769615,4.769615
4.761619,4.761619
4.753623,4.753623
4.745627,4.745627
4.737631,4.737631
4.729635,4.729635
4.721639,4.721639
4.713643,4.713643
4.705647,4.705647
4.697651,4.697651
4.689655,4.689655
4.681659,4.681659
4.673663,4.673663
4.665667,4.665667
4.657671,4.657671
4.649675,4.649675
4.641679,4.641679
4.633683,4.633683
4.625687,4.625687
4.617691,4.617691
4.609695,4.609695
4.601699,4.601699
4.593703,4.593703
4.585707,4.585707
4.577711,4.577711
4.569715,4.569715
4.561719,4.561719
4.553723,4.553723
4.545727,4.545727
4.537731,4.537731
4.529735,4.529735
4.521739,4.521739
4.513743,4.513743
4.505747,4.505747
4.497751,4.497751
4.489755,4.489755
4.481759,4.481759
4.473763,4.473763
4.465767,4.465767
4.457771,4.457771
4.449775,4.449775
4.441779,4.441779
4.433783,4.433783
4.425787,4.425787
4.417791,4.417791
4.409795,4.409795
4.401799,4.401799
4.393803,4.393803
4.385807,4.385807
4.377811,4.377811
4.369815,4.369815
4.361819,4.361819
4.353823,4.353823
4.345827,4.345827
4.337831,4.337831
4.329835,4.329835
4.321839,4.321839
4.313843,4.313843
4.305847,4.305847
4.297851,4.297851
4.289855,4.289855
4.281859,4.281859
4.273863,4.273863
4.265867,4.265867
4.257871,4.257871
4.249875,4.249875
4.241879,4.241879
4.233883,4.233883
4.225887,4.225887
4.217891,4.217891
4.209895,4.209895
4.201899,4.201899
4.193903,4.193903
4.185907,4.185907
4.177911,4.177911
4.169915,4.169915
4.161919,4.161919
4.153923,4.153923
4.145927,4.145927
4.137931,4.137931
4.129935,4.129935
4.121939,4.121939
4.113943,4.113943
4.105947,4.105947
4.097951,4.097951
4.089955,4.089955
4.081959,4.081959
4.073963,4.073963
4.065967,4.065967
4.057971,4.057971
4.049975,4.049975
4.041979,4.041979
4.033983,4.033983
4.025987,4.025987
4.017991,4.017991
4.009995,4.009995
4.001999,4.001999
3.994003,3.994003
3.986007,3.986007
3.978011,3.978011
3.970015,3.970015
3.962019,3.962019
3.954023,3.954023
3.946027,3.946027
3.938031,3.938031
3.930035,3.930035
3.922039,3.922039
3.914043,3.914043
3.906047,3.906047
3.898051,3.898051
3.890055,3.890055
3.882059,3.882059
3.874063,3.874063
3.866067,3.866067
3.858071,3.858071
3.850075,3.850075
3.842079,3.842079
3.834083,3.834083
3.826087,3.826087
3.818091,3.818091
3.810095,3.810095
3.802099,3.802099
3.794103,3.794103
3.786107,3.786107
3.778111,3.778111
3.770115,3.770115
3.762119,3.762119
3.754123,3.754123
3.746127,3.746127
3.738131,3.738131
3.730135,3.730135
3.722139,3.722139
3.714143,3.714143
3.706147,3.706147
3.698151,3.698151
3.690155,3.690155
3.682159,3.682159
3.674163,3.674163
3.666167,3.666167
3.658171,3.658171
3.650175,3.650175
3.642179,3.642179
3.634183,3.634183
3.626187,3.626187
3.618191,3.618191
3.610195,3.610195
3.602199,3.602199
3.594203,3.594203
3.586207,3.586207
3.578211,3.578211
3.570215,3.570215
3.562219,3.562219
3.554223,3.554223
3.546227,3.546227
3.538231,3.538231
3.530235,3.530235
3.522239,3.522239
3.514243,3.514243
3.506247,3.506247
3.498251,3.498251
3.490255,3.490255
3.482259,3.482259
3.474263,3.474263
3.466267,3.466267
3.458271,3.458271
3.450275,3.450275
3.442279,3.442279
3.434283,3.434283
3.426287,3.426287
3.418291,3.418291
3.410295,3.410295
3.402299,3.402299
3.394303,3.394303
3.386307,3.386307
3.378311,3.378311
3.370315,3.370315
3.362319,3.362319
3.354323,3.354323
3.346327,3.346327
3.338331,3.338331
3.330335,3.330335
3.322339,3.322339
3.314343,3.314343
3.306347,3.306347
3.298351,3.298351
3.290355,3.290355
3.282359,3.282359
3.274363,3.274363
3.266367,3.266367
3.258371,3.258371
3.250375,3.250375
3.242379,3.242379
3.234383,3.234383
3.226387,3.226387
3.218391,3.218391
3.210395,3.210395
3.202399,3.202399
3.194403,3.194403
3.186407,3.186407
3.178411,3.178411
3.170415,3.170415
3.162419,3.162419
3.154423,3.154423
3.146427,3.146427
3.138431,3.138431
3.130435,3.130435
3.122439,3.122439
3.114443,3.114443
3.106447,3.106447
3.098451,3.098451
3.090455,3.090455
3.082459,3.082459
3.074463,3.074463
3.066467,3.066467
3.058471,3.058471
3.050475,3.050475
3.042479,3.042479
3.034483,3.034483
3.026487,3.026487
3.018491,3.018491
3.010495,3.010495
3.002499,3.002499
2.994503,2.994503
2.986507,2.986507
2.978511,2.978511
2.970515,2.970515
2.962519,2.962519
2.954523,2.954523
2.946527,2.946527
2.938531,2.938531
2.930535,2.930535
2.922539,2.922539
2.914543,2.914543
2.906547,2.906547
2.898551,2.898551
2.890555,2.890555
2.882559,2.882559
2.874563,2.874563
2.866567,2.866567
2.858571,2.858571
2.850575,2.850575
2.842579,2.842579
2.834583,2.834583
2.826587,2.826587
2.818591,2.818591
2.810595,2.810595
2.802599,2.802599
2.794603,2.794603
2.786607,2.786607
2.778611,2.778611
2.770615,2.770615
2.762619,2.762619
2.754623,2.754623
2.746627,2.746627
2.738631,2.738631
2.730635,2.730635
2.722639,2.722639
2.714643,2.714643
2.706647,2.706647
2.698651,2.698651
2.690655,2.690655
2.682659,2.682659
2.674663,2.674663
2.666667,2.666667
2.658671,2.658671
2.650675,2.650675
2.642679,2.642679
2.634683,2.634683
2.626687,2.626687
2.618691,2.618691
2.610695,2.610695
2.602699,2.602699
2.594703,2.594703
2.586707,2.586707
2.578711,2.578711
2.570715,2.570715
2.562719,2.562719
2.554723,2.554723
2.546727,2.546727
2.538731,2.538731
2.530735,2.530735
2.522739,2.522739
2.514743,2.514743
2.506747,2.506747
2.498751,2.498751
2.490755,2.490755
2.482759,2.482759
2.474763,2.474763
2.466767,2.466767
2.458771,2.458771
2.450775,2.450775
2.442779,2.442779
2.434783,2.434783
2.426787,2.426787
2.418791,2.418791
2.410795,2.410795
2.402799,2.402799
2.394803,2.394803
2.386807,2.386807
2.378811,2.378811
2.370815,2.370815
2.362819,2.362819
2.354823,2.354823
2.346827,2.346827
2.338831,2.338831
2.330835,2.330835
2.322839,2.322839
2.314843,2.314843
2.306847,2.306847
2.298851,2.298851
2.290855,2.290855
2.282859,2.282859
2.274863,2.274863
2.266867,2.266867
2.258871,2.258871
2.250875,2.250875
2.242879,2.242879
2.234883,2.234883
2.226887,2.226887
2.218891,2.218891
2.210895,2.210895
2.202899,2.202899
2.194903,2.194903
2.186907,2.186907
2.178911,2.178911
2.170915,2.170915
2.162919,2.162919
2.154923,2.154923
2.146927,2.146927
2.138931,2.138931
2.130935,2.130935
2.122939,2.122939
2.114943,2.114943
2.106947,2.106947
2.098951,2.098951
2.090955,2.090955
2.082959,2.082959
2.074963,2.074963
2.066967,2.066967
2.058971,2.058971
2.050975,2.050975
2.042979,2.042979
2.034983,2.034983
2.026987,2.026987
2.018991,2.018991
2.010995,2.010995
2.002999,2.002999
1.995002,1.995002
1.987006,1.987006
1.979010,1.979010
1.971014,1.971014
1.963018,1.963018
1.955022,1.955022
1.947026,1.947026
1.939030,1.939030
1.931034,1.931034
1.923038,1.923038
1.915042,1.915042
1.907046,1.907046
1.899050,1.899050
1.891054,1.891054
1.883058,1.883058
1.875062,1.875062
1.867066,1.867066
1.859070,1.859070
1.851074,1.851074
1.843078,1.843078
1.835082,1.835082
1.827086,1.827086
1.819090,1.819090
1.811094,1.811094
1.803098,1.803098
1.795102,1.795102
1.787106,1.787106
1.779110,1.779110
1.771114,1.771114
1.763118,1.763118
1.755122,1.755122
1.747126,1.747126
1.739130,1.739130
1.731134,1.731134
1.723138,1.723138
1.715142,1.715142
1.707146,1.707146
1.699150,1.699150
1.691154,1.691154
1.683158,1.683158
1.675162,1.675162
1.667166,1.667166
1.659170,1.659170
1.651174,1.651174
1.643178,1.643178
1.635182,1.635182
1.627186,1.627186
1.619190,1.619190
1.611194,1.611194
1.603198,1.603198
1.595202,1.595202
1.587206,1.587206
1.579210,1.579210
1.571214,1.571214
1.563218,1.563218
1.555222,1.555222
1.547226,1.547226
1.539230,1.539230
1.531234,1.531234
1.523238,1.523238
1.515242,1.515242
1.507246,1.507246
1.499250,1.499250
1.491254,1.491254
1.483258,1.483258
1.475262,1.475262
1.467266,1.467266
1.459270,1.459270
1.451274,1.451274
1.443278,1.443278
1.435282,1.435282
1.427286,1.427286
1.419290,1.419290
1.411294,1.411294
1.403298,1.403298
1.395302,1.395302
1.387306,1.387306
1.379310,1.379310
1.371314,1.371314
1.363318,1.363318
1.355322,1.355322
1.347326,1.347326
1.339330,1.339330
1.331334,1.331334
1.323338,1.323338
1.315342,1.315342
1.307346,1.307346
1.299350,1.299350
1.291354,1.291354
1.283358,1.283358
1.275362,1.275362
1.267366,1.267366
1.259370,1.259370
1.251374,1.251374
1.243378,1.243378
1.235382,1.235382
1.227386,1.227386
1.219390,1.219390
1.211394,1.211394
1.203398,1.203398
1.195402,1.195402
1.187406,1.187406
1.179410,1.179410
1.171414,1.171414
1.163418,1.163418
1.155422,1.155422
1.147426,1.147426
1.139430,1.139430
1.131434,1.131434
1.123438,1.123438
1.115442,1.115442
1.107446,1.107446
1.099450,1.099450
1.091454,1.091454
1.083458,1.083458
1.075462,1.075462
1.067466,1.067466
1.059470,1.059470
1.051474,1.051474
1.043478,1.043478
1.035482,1.035482
1.027486,1.027486
1.019490,1.019490
1.011494,1.011494
1.003498,1.003498
0.995502,0.995502
0.987506,0.987506
0.979510,0.979510
0.971514,0.971514
0.963518,0.963518
0.955522,0.955522
0.947526,0.947526
0.939530,0.939530
0.931534,0.931534
0.923538,0.923538
0.915542,0.915542
0.907546,0.907546
0.899550,0.899550
0.891554,0.891554
0.883558,0.883558
0.875562,0.875562
0.867566,0.867566
0.859570,0.859570
0.851574,0.851574
0.843578,0.843578
0.835582,0.835582
0.827586,0.827586
0.819590,0.819590
0.811594,0.811594
0.803598,0.803598
0.795602,0.795602
0.787606,0.787606
0.779610,0.779610
0.771614,0.771614
0.763618,0.763618
0.755622,0.755622
0.747626,0.747626
0.739630,0.739630
0.731634,0.731634
0.723638,0.723638
0.715642,0.715642
0.707646,0.707646
0.699650,0.699650
0.691654,0.691654
0.683658,0.683658
0.675662,0.675662
0.667666,0.667666
0.659670,0.659670
0.651674,0.651674
0.643678,0.643678
0.635682,0.635682
0.627686,0.627686
0.619690,0.619690
0.611694,0.611694
0.603698,0.603698
0.595702,0.595702
0.587706,0.587706
0.579710,0.579710
0.571714,0.571714
0.563718,0.563718
0.555722,0.555722
0.547726,0.547726
0.539730,0.539730
0.531734,0.531734
0.523738,0.523738
0.515742,0.515742
0.507746,0.507746
0.499750,0.499750
0.491754,0.491754
0.483758,0.483758
0.475762,0.475762
0.467766,0.467766
0.459770,0.459770
0.451774,0.451774
0.443778,0.443778
0.435782,0.435782
0.427786,0.427786
0.419790,0.419790
0.411794,0.411794
0.403798,0.403798
0.395802,0.395802
0.387806,0.387806
0.379810,0.379810
0.371814,0.371814
0.363818,0.363818
0.355822,0.355822
0.347826,0.347826
0.339830,0.339830
0.331834,0.331834
0.323838,0.323838
0.315842,0.315842
0.307846,0.307846
0.299850,0.299850
0.291854,0.291854
0.283858,0.283858
0.275862,0.275862
0.267866,0.267866
0.259870,0.259870
0.251874,0.251874
0.243878,0.243878
0.235882,0.235882
0.227886,0.227886
0.219890,0.219890
0.211894,0.211894
0.203898,0.203898
0.195902,0.195902
0.187906,0.187906
0.179910,0.179910
0.171914,0.171914
0.163918,0.163918
0.155922,0.155922
0.147926,0.147926
0.139930,0.139930
0.131934,0.131934
0.123938,0.123938
0.115942,0.115942
0.107946,0.107946
0.099950,0.099950
0.091954,0.091954
0.083958,0.083958
0.075962,0.075962
0.067966,0.067966
0.059970,0.059970
0.051974,0.051974
0.043978,0.043978
0.035982,0.035982
0.027986,0.027986
0.019990,0.019990
0.011994,0.011994
0.003998,0.003998
-0.003998,-0.003998
-0.011994,-0.011994
-0.019990,-0.019990
-0.027986,-0.027986
-0.035982,-0.035982
-0.043978,-0.043978
-0.051974,-0.051974
-0.059970,-0.059970
-0.067966,-0.067966
-0.075962,-0.075962
-0.083958,-0.083958
-0.091954,-0.091954
-0.099950,-0.099950
-0.107946,-0.107946
-0.115942,-0.115942
-0.123938,-0.123938
-0.131934,-0.131934
-0.139930,-0.139930
-0.147926,-0.147926
-0.155922,-0.155922
-0.163918,-0.163918
-0.171914,-0.171914
-0.179910,-0.179910
-0.187906,-0.187906
-0.195902,-0.195902
-0.203898,-0.203898
-0.211894,-0.211894
-0.219890,-0.219890
-0.227886,-0.227886
-0.235882,-0.235882
-0.243878,-0.243878
-0.251874,-0.251874
-0.259870,-0.259870
-0.267866,-0.267866
-0.275862,-0.275862
-0.283858,-0.283858
-0.291854,-0.291854
-0.299850,-0.299850
-0.307846,-0.307846
-0.315842,-0.315842
-0.323838,-0.323838
-0.331834,-0.331834
-0.339830,-0.339830
-0.347826,-0.347826
-0.355822,-0.355822
-0.363818,-0.363818
-0.371814,-0.371814
-0.379810,-0.379810
-0.387806,-0.387806
-0.395802,-0.395802
-0.403798,-0.403798
-0.411794,-0.411794
-0.419790,-0.419790
-0.427786,-0.427786
-0.435782,-0.435782
-0.443778,-0.443778
-0.451774,-0.451774
-0.459770,-0.459770
-0.467766,-0.467766
-0.475762,-0.475762
-0.483758,-0.483758
-0.491754,-0.491754
-0.499750,-0.499750
-0.507746,-0.507746
-0.515742,-0.515742
-0.523738,-0.523738
-0.531734,-0.531734
-0.539730,-0.539730
-0.547726,-0.547726
-0.555722,-0.555722
-0.563718,-0.563718
-0.571714,-0.571714
-0.579710,-0.579710
-0.587706,-0.587706
-0.595702,-0.595702
-0.603698,-0.603698
-0.611694,-0.611694
-0.619690,-0.619690
-0.627686,-0.627686
-0.635682,-0.635682
-0.643678,-0.643678
-0.651674,-0.651674
-0.659670,-0.659670
-0.667666,-0.667666
-0.675662,-0.675662
-0.683658,-0.683658
-0.691654,-0.691654
-0.699650,-0.699650
-0.707646,-0.707646
-0.715642,-0.715642
-0.723638,-0.723638
-0.731634,-0.731634
-0.739630,-0.739630
-0.747626,-0.747626
-0.755622,-0.755622
-0.763618,-0.763618
-0.771614,-0.771614
-0.779610,-0.779610
-0.787606,-0.787606
-0.795602,-0.795602
-0.803598,-0.803598
-0.811594,-0.811594
-0.819590,-0.819590
-0.827586,-0.827586
-0.835582,-0.835582
-0.843578,-0.843578
-0.851574,-0.851574
-0.859570,-0.859570
-0.867566,-0.867566
-0.875562,-0.875562
-0.883558,-0.883558
-0.891554,-0.891554
-0.899550,-0.899550
-0.907546,-0.907546
-0.915542,-0.915542
-0.923538,-0.923538
-0.931534,-0.931534
-0.939530,-0.939530
-0.947526,-0.947526
-0.955522,-0.955522
-0.963518,-0.963518
-0.971514,-0.971514
-0.979510,-0.979510
-0.987506,-0.987506
-0.995502,-0.995502
-1.003498,-1.003498
-1.011494,-1.011494
-1.019490,-1.019490
-1.027486,-1.027486
-1.035482,-1.035482
-1.043478,-1.043478
-1.051474,-1.051474
-1.059470,-1.059470
-1.067466,-1.067466
-1.075462,-1.075462
-1.083458,-1.083458
-1.091454,-1.091454
-1.099450,-1.099450
-1.107446,-1.107446
-1.115442,-1.115442
-1.123438,-1.123438
-1.131434,-1.131434
-1.139430,-1.139430
-1.147426,-1.147426
-1.155422,-1.155422
-1.163418,-1.163418
-1.171414,-1.171414
-1.179410,-1.179410
-1.187406,-1.187406
-1.195402,-1.195402
-1.203398,-1.203398
-1.211394,-1.211394
-1.219390,-1.219390
-1.227386,-1.227386
-1.235382,-1.235382
-1.243378,-1.243378
-1.251374,-1.251374
-1.259370,-1.259370
-1.267366,-1.267366
-1.275362,-1.275362
-1.283358,-1.283358
-1.291354,-1.291354
-1.299350,-1.299350
-1.307346,-1.307346
-1.315342,-1.315342
-1.323338,-1.323338
-1.331334,-1.331334
-1.339330,-1.339330
-1.347326,-1.347326
-1.355322,-1.355322
-1.363318,-1.363318
-1.371314,-1.371314
-1.379310,-1.379310
-1.387306,-1.387306
-1.395302,-1.395302
-1.403298,-1.403298
-1.411294,-1.411294
-1.419290,-1.419290
-1.427286,-1.427286
-1.435282,-1.435282
-1.443278,-1.443278
-1.451274,-1.451274
-1.459270,-1.459270
-1.467266,-1.467266
-1.475262,-1.475262
-1.483258,-1.483258
-1.491254,-1.491254
-1.499250,-1.499250
-1.507246,-1.507246
-1.515242,-1.515242
-1.523238,-1.523238
-1.531234,-1.531234
-1.539230,-1.539230
-1.547226,-1.547226
-1.555222,-1.555222
-1.563218,-1.563218
-1.571214,-1.571214
-1.579210,-1.579210
-1.587206,-1.587206
-1.595202,-1.595202
-1.603198,-1.603198
-1.611194,-1.611194
-1.619190,-1.619190
-1.627186,-1.627186
-1.635182,-1.635182
-1.643178,-1.643178
-1.651174,-1.651174
-1.659170,-1.659170
-1.667166,-1.667166
-1.675162,-1.675162
-1.683158,-1.683158
-1.691154,-1.691154
-1.699150,-1.699150
-1.707146,-1.707146
-1.715142,-1.715142
-1.723138,-1.723138
-1.731134,-1.731134
-1.739130,-1.739130
-1.747126,-1.747126
-1.755122,-1.755122
-1.763118,-1.763118
-1.771114,-1.771114
-1.779110,-1.779110
-1.787106,-1.787106
-1.795102,-1.795102
-1.803098,-1.803098
-1.811094,-1.811094
-1.819090,-1.819090
-1.827086,-1.827086
-1.835082,-1.835082
-1.843078,-1.843078
-1.851074,-1.851074
-1.859070,-1.859070
-1.867066,-1.867066
-1.875062,-1.875062
-1.883058,-1.883058
-1.891054,-1.891054
-1.899050,-1.899050
-1.907046,-1.907046
-1.915042,-1.915042
-1.923038,-1.923038
-1.931034,-1.931034
-1.939030,-1.939030
-1.947026,-1.947026
-1.955022,-1.955022
-1.963018,-1.963018
-1.971014,-1.971014
-1.979010,-1.979010
-1.987006,-1.987006
-1.995002,-1.995002
-2.002999,-2.002999
-2.010995,-2.010995
-2.018991,-2.018991
-2.026987,-2.026987
-2.034983,-2.034983
-2.042979,-2.042979
-2.050975,-2.050975
-2.058971,-2.058971
-2.066967,-2.066967
-2.074963,-2.074963
-2.082959,-2.082959
-2.090955,-2.090955
-2.098951,-2.098951
-2.106947,-2.106947
-2.114943,-2.114943
-2.122939,-2.122939
-2.130935,-2.130935
-2.138931,-2.138931
-2.146927,-2.146927
-2.154923,-2.154923
-2.162919,-2.162919
-2.170915,-2.170915
-2.178911,-2.178911
-2.186907,-2.186907
-2.194903,-2.194903
-2.202899,-2.202899
-2.210895,-2.210895
-2.218891,-2.218891
-2.226887,-2.226887
-2.234883,-2.234883
-2.242879,-2.242879
-2.250875,-2.250875
-2.258871,-2.258871
-2.266867,-2.266867
-2.274863,-2.274863
-2.282859,-2.282859
-2.290855,-2.290855
-2.298851,-2.298851
-2.306847,-2.306847
-2.314843,-2.314843
-2.322839,-2.322839
-2.330835,-2.330835
-2.338831,-2.338831
-2.346827,-2.346827
-2.354823,-2.354823
-2.362819,-2.362819
-2.370815,-2.370815
-2.378811,-2.378811
-2.386807,-2.386807
-2.394803,-2.394803
-2.402799,-2.402799
-2.410795,-2.410795
-2.418791,-2.418791
-2.426787,-2.426787
-2.434783,-2.434783
-2.442779,-2.442779
-2.450775,-2.450775
-2.458771,-2.458771
-2.466767,-2.466767
-2.474763,-2.474763
-2.482759,-2.482759
-2.490755,-2.490755
-2.498751,-2.498751
-2.506747,-2.506747
-2.514743,-2.514743
-2.522739,-2.522739
-2.530735,-2.530735
-2.538731,-2.538731
-2.546727,-2.546727
-2.554723,-2.554723
-2.562719,-2.562719
-2.570715,-2.570715
-2.578711,-2.578711
-2.586707,-2.586707
-2.594703,-2.594703
-2.602699,-2.602699
-2.610695,-2.610695
-2.618691,-2.618691
-2.626687,-2.626687
-2.634683,-2.634683
-2.642679,-2.642679
-2.650675,-2.650675
-2.658671,-2.658671
-2.666667,-2.666667
-2.674663,-2.674663
-2.682659,-2.682659
-2.690655,-2.690655
-2.698651,-2.698651
-2.706647,-2.706647
-2.714643,-2.714643
-2.722639,-2.722639
-2.730635,-2.730635
-2.738631,-2.738631
-2.746627,-2.746627
-2.754623,-2.754623
-2.762619,-2.762619
-2.770615,-2.770615
-2.778611,-2.778611
-2.786607,-2.786607
-2.794603,-2.794603
-2.802599,-2.802599
-2.810595,-2.810595
-2.818591,-2.818591
-2.826587,-2.826587
-2.834583,-2.834583
-2.842579,-2.842579
-2.850575,-2.850575
-2.858571,-2.858571
-2.866567,-2.866567
-2.874563,-2.874563
-2.882559,-2.882559
-2.890555,-2.890555
-2.898551,-2.898551
-2.906547,-2.906547
-2.914543,-2.914543
-2.922539,-2.922539
-2.930535,-2.930535
-2.938531,-2.938531
-2.946527,-2.946527
-2.954523,-2.954523
-2.962519,-2.962519
-2.970515,-2.970515
-2.978511,-2.978511
-2.986507,-2.986507
-2.994503,-2.994503
-3.002499,-3.002499
-3.010495,-3.010495
-3.018491,-3.018491
-3.026487,-3.026487
-3.034483,-3.034483
-3.042479,-3.042479
-3.050475,-3.050475
-3.058471,-3.058471
-3.066467,-3.066467
-3.074463,-3.074463
-3.082459,-3.082459
-3.090455,-3.090455
-3.098451,-3.098451
-3.106447,-3.106447
-3.114443,-3.114443
-3.122439,-3.122439
-3.130435,-3.130435
-3.138431,-3.138431
-3.146427,-3.146427
-3.154423,-3.154423
-3.162419,-3.162419
-3.170415,-3.170415
-3.178411,-3.178411
-3.186407,-3.186407
-3.194403,-3.194403
-3.202399,-3.202399
-3.210395,-3.210395
-3.218391,-3.218391
-3.226387,-3.226387
-3.234383,-3.234383
-3.242379,-3.242379
-3.250375,-3.250375
-3.258371,-3.258371
-3.266367,-3.266367
-3.274363,-3.274363
-3.282359,-3.282359
-3.290355,-3.290355
-3.298351,-3.298351
-3.306347,-3.306347
-3.314343,-3.314343
-3.322339,-3.322339
-3.330335,-3.330335
-3.338331,-3.338331
-3.346327,-3.346327
-3.354323,-3.354323
-3.362319,-3.362319
-3.370315,-3.370315
-3.378311,-3.378311
-3.386307,-3.386307
-3.394303,-3.394303
-3.402299,-3.402299
-3.410295,-3.410295
-3.418291,-3.418291
-3.426287,-3.426287
-3.434283,-3.434283
-3.442279,-3.442279
-3.450275,-3.450275
-3.458271,-3.458271
-3.466267,-3.466267
-3.474263,-3.474263
-3.482259,-3.482259
-3.490255,-3.490255
-3.498251,-3.498251
-3.506247,-3.506247
-3.514243,-3.514243
-3.522239,-3.522239
-3.530235,-3.530235
-3.538231,-3.538231
-3.546227,-3.546227
-3.554223,-3.554223
-3.562219,-3.562219
-3.570215,-3.570215
-3.578211,-3.578211
-3.586207,-3.586207
-3.594203,-3.594203
-3.602199,-3.602199
-3.610195,-3.610195
-3.618191,-3.618191
-3.626187,-3.626187
-3.634183,-3.634183
-3.642179,-3.642179
-3.650175,-3.650175
-3.658171,-3.658171
-3.666167,-3.666167
-3.674163,-3.674163
-3.682159,-3.682159
-3.690155,-3.690155
-3.698151,-3.698151
-3.706147,-3.706147
-3.714143,-3.714143
-3.722139,-3.722139
-3.730135,-3.730135
-3.738131,-3.738131
-3.746127,-3.746127
-3.754123,-3.754123
-3.762119,-3.762119
-3.770115,-3.770115
-3.778111,-3.778111
-3.786107,-3.786107
-3.794103,-3.794103
-3.802099,-3.802099
-3.810095,-3.810095
-3.818091,-3.818091
-3.826087,-3.826087
-3.834083,-3.834083
-3.842079,-3.842079
-3.850075,-3.850075
-3.858071,-3.858071
-3.866067,-3.866067
-3.874063,-3.874063
-3.882059,-3.882059
-3.890055,-3.890055
-3.898051,-3.898051
-3.906047,-3.906047
-3.914043,-3.914043
-3.922039,-3.922039
-3.930035,-3.930035
-3.938031,-3.938031
-3.946027,-3.946027
-3.954023,-3.954023
-3.962019,-3.962019
-3.970015,-3.970015
-3.978011,-3.978011
-3.986007,-3.986007
-3.994003,-3.994003
-4.001999,-4.001999
-4.009995,-4.009995
-4.017991,-4.017991
-4.025987,-4.025987
-4.033983,-4.033983
-4.041979,-4.041979
-4.049975,-4.049975
-4.057971,-4.057971
-4.065967,-4.065967
-4.073963,-4.073963
-4.081959,-4.081959
-4.089955,-4.089955
-4.097951,-4.097951
-4.105947,-4.105947
-4.113943,-4.113943
-4.121939,-4.121939
-4.129935,-4.129935
-4.137931,-4.137931
-4.145927,-4.145927
-4.153923,-4.153923
-4.161919,-4.161919
-4.169915,-4.169915
-4.177911,-4.177911
-4.185907,-4.185907
-4.193903,-4.193903
-4.201899,-4.201899
-4.209895,-4.209895
-4.217891,-4.217891
-4.225887,-4.225887
-4.233883,-4.233883
-4.241879,-4.241879
-4.249875,-4.249875
-4.257871,-4.257871
-4.265867,-4.265867
-4.273863,-4.273863
-4.281859,-4.281859
-4.289855,-4.289855
-4.297851,-4.297851
-4.305847,-4.305847
-4.313843,-4.313843
-4.321839,-4.321839
-4.329835,-4.329835
-4.337831,-4.337831
-4.345827,-4.345827
-4.353823,-4.353823
-4.361819,-4.361819
-4.369815,-4.369815
-4.377811,-4.377811
-4.385807,-4.385807
-4.393803,-4.393803
-4.401799,-4.401799
-4.409795,-4.409795
-4.417791,-4.417791
-4.425787,-4.425787
-4.433783,-4.433783
-4.441779,-4.441779
-4.449775,-4.449775
-4.457771,-4.457771
-4.465767,-4.465767
-4.473763,-4.473763
-4.481759,-4.481759
-4.489755,-4.489755
-4.497751,-4.497751
-4.505747,-4.505747
-4.513743,-4.513743
-4.521739,-4.521739
-4.529735,-4.529735
-4.537731,-4.537731
-4.545727,-4.545727
-4.553723,-4.553723
-4.561719,-4.561719
-4.569715,-4.569715
-4.577711,-4.577711
-4.585707,-4.585707
-4.593703,-4.593703
-4.601699,-4.601699
-4.609695,-4.609695
-4.617691,-4.617691
-4.625687,-4.625687
-4.633683,-4.633683
-4.641679,-4.641679
-4.649675,-4.649675
-4.657671,-4.657671
-4.665667,-4.665667
-4.673663,-4.673663
-4.681659,-4.681659
-4.689655,-4.689655
-4.697651,-4.697651
-4.705647,-4.705647
-4.713643,-4.713643
-4.721639,-4.721639
-4.729635,-4.729635
-4.737631,-4.737631
-4.745627,-4.745627
-4.753623,-4.753623
-4.761619,-4.761619
-4.769615,-4.769615
-4.777611,-4.777611
-4.785607,-4.785607
-4.793603,-4.793603
-4.801599,-4.801599
-4.809595,-4.809595
-4.817591,-4.817591
-4.825587,-4.825587
-4.833583,-4.833583
-4.841579,-4.841579
-4.849575,-4.849575
-4.857571,-4.857571
-4.865567,-4.865567
-4.873563,-4.873563
-4.881559,-4.881559
-4.889555,-4.889555
-4.897551,-4.897551
-4.905547,-4.905547
-4.913543,-4.913543
-4.921539,-4.921539
-4.929535,-4.929535
-4.937531,-4.937531
-4.945527,-4.945527
-4.953523,-4.953523
-4.961519,-4.961519
-4.969515,-4.969515
-4.977511,-4.977511
-4.985507,-4.985507
-4.993503,-4.993503
-5.001499,-5.001499
-5.009495,-5.009495
-5.017491,-5.017491
-5.025487,-5.025487
-5.033483,-5.033483
-5.041479,-5.041479
-5.049475,-5.049475
-5.057471,-5.057471
-5.065467,-5.065467
-5.073463,-5.073463
-5.081459,-5.081459
-5.089455,-5.089455
-5.097451,-5.097451
-5.105447,-5.105447
-5.113443,-5.113443
-5.121439,-5.121439
-5.129435,-5.129435
-5.137431,-5.137431
-5.145427,-5.145427
-5.153423,-5.153423
-5.161419,-5.161419
-5.169415,-5.169415
-5.177411,-5.177411
-5.185407,-5.185407
-5.193403,-5.193403
-5.201399,-5.201399
-5.209395,-5.209395
-5.217391,-5.217391
-5.225387,-5.225387
-5.233383,-5.233383
-5.241379,-5.241379
-5.249375,-5.249375
-5.257371,-5.257371
-5.265367,-5.265367
-5.273363,-5.273363
-5.281359,-5.281359
-5.289355,-5.289355
-5.297351,-5.297351
-5.305347,-5.305347
-5.313343,-5.313343
-5.321339,-5.321339
-5.329335,-5.329335
-5.337331,-5.337331
-5.345327,-5.345327
-5.353323,-5.353323
-5.361319,-5.361319
-5.369315,-5.369315
-5.377311,-5.377311
-5.385307,-5.385307
-5.393303,-5.393303
-5.401299,-5.401299
-5.409295,-5.409295
-5.417291,-5.417291
-5.425287,-5.425287
-5.433283,-5.433283
-5.441279,-5.441279
-5.449275,-5.449275
-5.457271,-5.457271
-5.465267,-5.465267
-5.473263,-5.473263
-5.481259,-5.481259
-5.489255,-5.489255
-5.497251,-5.497251
-5.505247,-5.505247
-5.513243,-5.513243
-5.521239,-5.521239
-5.529235,-5.529235
-5.537231,-5.537231
-5.545227,-5.545227
-5.553223,-5.553223
-5.561219,-5.561219
-5.569215,-5.569215
-5.577211,-5.577211
-5.585207,-5.585207
-5.593203,-5.593203
-5.601199,-5.601199
-5.609195,-5.609195
-5.617191,-5.617191
-5.625187,-5.625187
-5.633183,-5.633183
-5.641179,-5.641179
-5.649175,-5.649175
-5.657171,-5.657171
-5.665167,-5.665167
-5.673163,-5.673163
-5.681159,-5.681159
-5.689155,-5.689155
-5.697151,-5.697151
-5.705147,-5.705147
-5.713143,-5.713143
-5.721139,-5.721139
-5.729135,-5.729135
-5.737131,-5.737131
-5.745127,-5.745127
-5.753123,-5.753123
-5.761119,-5.761119
-5.769115,-5.769115
-5.777111,-5.777111
-5.785107,-5.785107
-5.793103,-5.793103
-5.801099,-5.801099
-5.809095,-5.809095
-5.817091,-5.817091
-5.825087,-5.825087
-5.833083,-5.833083
-5.841079,-5.841079
-5.849075,-5.849075
-5.857071,-5.857071
-5.865067,-5.865067
-5.873063,-5.873063
-5.881059,-5.881059
-5.889055,-5.889055
-5.897051,-5.897051
-5.905047,-5.905047
-5.913043,-5.913043
-5.921039,-5.921039
-5.929035,-5.929035
-5.937031,-5.937031
-5.945027,-5.945027
-5.953023,-5.953023
-5.961019,-5.961019
-5.969015,-5.969015
-5.977011,-5.977011
-5.985007,-5.985007
-5.993003,-5.993003
-6.001000,-6.001000
-6.008996,-6.008996
-6.016992,-6.016992
-6.024988,-6.024988
-6.032984,-6.032984
-6.040980,-6.040980
-6.048976,-6.048976
-6.056972,-6.056972
-6.064968,-6.064968
-6.072964,-6.072964
-6.080960,-6.080960
-6.088956,-6.088956
-6.096952,-6.096952
-6.104948,-6.104948
-6.112944,-6.112944
-6.120940,-6.120940
-6.128936,-6.128936
-6.136932,-6.136932
-6.144928,-6.144928
-6.152924,-6.152924
-6.160920,-6.160920
-6.168916,-6.168916
-6.176912,-6.176912
-6.184908,-6.184908
-6.192904,-6.192904
-6.200900,-6.200900
-6.208896,-6.208896
-6.216892,-6.216892
-6.224888,-6.224888
-6.232884,-6.232884
-6.240880,-6.240880
-6.248876,-6.248876
-6.256872,-6.256872
-6.264868,-6.264868
-6.272864,-6.272864
-6.280860,-6.280860
-6.288856,-6.288856
-6.296852,-6.296852
-6.304848,-6.304848
-6.312844,-6.312844
-6.320840,-6.320840
-6.328836,-6.328836
-6.336832,-6.336832
-6.344828,-6.344828
-6.352824,-6.352824
-6.360820,-6.360820
-6.368816,-6.368816
-6.376812,-6.376812
-6.384808,-6.384808
-6.392804,-6.392804
-6.400800,-6.400800
-6.408796,-6.408796
-6.416792,-6.416792
-6.424788,-6.424788
-6.432784,-6.432784
-6.440780,-6.440780
-6.448776,-6.448776
-6.456772,-6.456772
-6.464768,-6.464768
-6.472764,-6.472764
-6.480760,-6.480760
-6.488756,-6.488756
-6.496752,-6.496752
-6.504748,-6.504748
-6.512744,-6.512744
-6.520740,-6.520740
-6.528736,-6.528736
-6.536732,-6.536732
-6.544728,-6.544728
-6.552724,-6.552724
-6.560720,-6.560720
-6.568716,-6.568716
-6.576712,-6.576712
-6.584708,-6.584708
-6.592704,-6.592704
-6.600700,-6.600700
-6.608696,-6.608696
-6.616692,-6.616692
-6.624688,-6.624688
-6.632684,-6.632684
-6.640680,-6.640680
-6.648676,-6.648676
-6.656672,-6.656672
-6.664668,-6.664668
-6.672664,-6.672664
-6.680660,-6.680660
-6.688656,-6.688656
-6.696652,-6.696652
-6.704648,-6.704648
-6.712644,-6.712644
-6.720640,-6.720640
-6.728636,-6.728636
-6.736632,-6.736632
-6.744628,-6.744628
-6.752624,-6.752624
-6.760620,-6.760620
-6.768616,-6.768616
-6.776612,-6.776612
-6.784608,-6.784608
-6.792604,-6.792604
-6.800600,-6.800600
-6.808596,-6.808596
-6.816592,-6.816592
-6.824588,-6.824588
-6.832584,-6.832584
-6.840580,-6.840580
-6.848576,-6.848576
-6.856572,-6.856572
-6.864568,-6.864568
-6.872564,-6.872564
-6.880560,-6.880560
-6.888556,-6.888556
-6.896552,-6.896552
-6.904548,-6.904548
-6.912544,-6.912544
-6.920540,-6.920540
-6.928536,-6.928536
-6.936532,-6.936532
-6.944528,-6.944528
-6.952524,-6.952524
-6.960520,-6.960520
-6.968516,-6.968516
-6.976512,-6.976512
-6.984508,-6.984508
-6.992504,-6.992504
-7.000500,-7.000500
-7.008496,-7.008496
-7.016492,-7.016492
-7.024488,-7.024488
-7.032484,-7.032484
-7.040480,-7.040480
-7.048476,-7.048476
-7.056472,-7.056472
-7.064468,-7.064468
-7.072464,-7.072464
-7.080460,-7.080460
-7.088456,-7.088456
-7.096452,-7.096452
-7.104448,-7.104448
-7.112444,-7.112444
-7.120440,-7.120440
-7.128436,-7.128436
-7.136432,-7.136432
-7.144428,-7.144428
-7.152424,-7.152424
-7.160420,-7.160420
-7.168416,-7.168416
-7.176412,-7.176412
-7.184408,-7.184408
-7.192404,-7.192404
-7.200400,-7.200400
-7.208396,-7.208396
-7.216392,-7.216392
-7.224388,-7.224388
-7.232384,-7.232384
-7.240380,-7.240380
-7.248376,-7.248376
-7.256372,-7.256372
-7.264368,-7.264368
-7.272364,-7.272364
-7.280360,-7.280360
-7.288356,-7.288356
-7.296352,-7.296352
-7.304348,-7.304348
-7.312344,-7.312344
-7.320340,-7.320340
-7.328336,-7.328336
-7.336332,-7.336332
-7.344328,-7.344328
-7.352324,-7.352324
-7.360320,-7.360320
-7.368316,-7.368316
-7.376312,-7.376312
-7.384308,-7.384308
-7.392304,-7.392304
-7.400300,-7.400300
-7.408296,-7.408296
-7.416292,-7.416292
-7.424288,-7.424288
-7.432284,-7.432284
-7.440280,-7.440280
-7.448276,-7.448276
-7.456272,-7.456272
-7.464268,-7.464268
-7.472264,-7.472264
-7.480260,-7.480260
-7.488256,-7.488256
-7.496252,-7.496252
-7.504248,-7.504248
-7.512244,-7.512244
-7.520240,-7.520240
-7.528236,-7.528236
-7.536232,-7.536232
-7.544228,-7.544228
-7.552224,-7.552224
-7.560220,-7.560220
-7.568216,-7.568216
-7.576212,-7.576212
-7.584208,-7.584208
-7.592204,-7.592204
-7.600200,-7.600200
-7.608196,-7.608196
-7.616192,-7.616192
-7.624188,-7.624188
-7.632184,-7.632184
-7.640180,-7.640180
-7.648176,-7.648176
-7.656172,-7.656172
-7.664168,-7.664168
-7.672164,-7.672164
-7.680160,-7.680160
-7.688156,-7.688156
-7.696152,-7.696152
-7.704148,-7.704148
-7.712144,-7.712144
-7.720140,-7.720140
-7.728136,-7.728136
-7.736132,-7.736132
-7.744128,-7.744128
-7.752124,-7.752124
-7.760120,-7.760120
-7.768116,-7.768116
-7.776112,-7.776112
-7.784108,-7.784108
-7.792104,-7.792104
-7.800100,-7.800100
-7.808096,-7.808096
-7.816092,-7.816092
-7.824088,-7.824088
-7.832084,-7.832084
-7.840080,-7.840080
-7.848076,-7.848076
-7.856072,-7.856072
-7.864068,-7.864068
-7.872064,-7.872064
-7.880060,-7.880060
-7.888056,-7.888056
-7.896052,-7.896052
-7.904048,-7.904048
-7.912044,-7.912044
-7.920040,-7.920040
-7.928036,-7.928036
-7.936032,-7.936032
-7.944028,-7.944028
-7.952024,-7.952024
-7.960020,-7.960020
-7.968016,-7.968016
-7.976012,-7.976012
-7.984008,-7.984008
-7.992004,-7.992004
-8.000000,-8.000000
